auc = 0.8317883376418865
f1 = 0.7094078319006686
acc = 0.7616412867845077
