auc = 0.8315222721113014
f1 = 0.6989931434924949
acc = 0.7613964647701121
