auc = 0.9333200203811854
f1 = 0.9867606024024855
acc = 0.9741489238378608
