auc = 0.9097174967721444
f1 = 0.6133836003770029
acc = 0.8949390431308267
