auc = 0.8323772245605707
f1 = 0.9835779452598176
acc = 0.9680049460952896
