auc = 0.909681791839767
f1 = 0.6481382504899341
acc = 0.8988320868763446
