auc = 0.8281657250177366
f1 = 0.6865124510175704
acc = 0.7571365617196298
