auc = 0.9444332119943146
f1 = 0.9854936093468204
acc = 0.9714053866069013
