auc = 0.8313246986975006
f1 = 0.6986242211117281
acc = 0.7608088919355629
