auc = 0.9078291725618141
f1 = 0.6425000000000001
acc = 0.8974490318614896
