auc = 0.9416240255968501
f1 = 0.9872619000670426
acc = 0.9750376753352139
