auc = 0.8336684331004005
f1 = 0.7062413978816349
acc = 0.7596337462664643
