auc = 0.8651573394970928
f1 = 0.9853575527325973
acc = 0.9714053866069013
