auc = 0.8321914994008277
f1 = 0.6951234800050143
acc = 0.7618371443960241
