auc = 0.9075128866077775
f1 = 0.6492351476342938
acc = 0.898985759655773
