auc = 0.9343431222708358
f1 = 0.9856288599156945
acc = 0.9716758761930523
