auc = 0.9127322777169917
f1 = 0.6467323187108325
acc = 0.8989345353959636
