auc = 0.8143820833659985
f1 = 0.696046027665565
acc = 0.7568427753023552
