auc = 0.8270546149887006
f1 = 0.6984126984126985
acc = 0.7599764970866181
