auc = 0.8362322810854925
f1 = 0.6956303049355549
acc = 0.7629633256622436
