auc = 0.8181126798417644
f1 = 0.6044545602341083
acc = 0.8753713758836185
