auc = 0.8992564741803226
f1 = 0.9513900029793964
acc = 0.9127734824806711
