auc = 0.8306116717072436
f1 = 0.7033169533169534
acc = 0.7635019340939138
