auc = 0.9096665306296972
f1 = 0.602372751626483
acc = 0.8935559881159717
