auc = 0.8955667777064893
f1 = 0.9493464052287582
acc = 0.9082085869386413
