auc = 0.8990728416225691
f1 = 0.950902262526335
acc = 0.9118276032242145
