auc = 0.9386318240347209
f1 = 0.9870969012863701
acc = 0.9746899030101627
