auc = 0.9189653239272034
f1 = 0.9859757173959948
acc = 0.9723714208431546
