auc = 0.8944406329960576
f1 = 0.9495959984609466
acc = 0.9084142128639578
