auc = 0.8356542516386541
f1 = 0.7049954030033712
acc = 0.7643343289428586
