auc = 0.827620831420089
f1 = 0.7001587107801245
acc = 0.7594868530578269
