auc = 0.8208257175179674
f1 = 0.9833908114321958
acc = 0.9676185324007883
