auc = 0.8291972262299584
f1 = 0.6882969322055297
acc = 0.7582137785829702
