auc = 0.947330201284318
f1 = 0.9871197155274595
acc = 0.974806800618238
