auc = 0.828149729240427
f1 = 0.7031212194531816
acc = 0.7596827106693433
