auc = 0.8270862497247813
f1 = 0.9828673408685306
acc = 0.9666138567950848
