auc = 0.884394721112914
f1 = 0.9505291430407933
acc = 0.9113752261885179
