auc = 0.9012061194207104
f1 = 0.9512635791881074
acc = 0.9123622306300379
