auc = 0.836617820708031
f1 = 0.6946863561782154
acc = 0.7631102188708808
