auc = 0.9127852386017181
f1 = 0.6327286190299889
acc = 0.8983710685380596
