auc = 0.9101415178977057
f1 = 0.6374429223744291
acc = 0.8983198442782502
