auc = 0.8942065903024161
f1 = 0.9498411827883275
acc = 0.9097302187859846
