auc = 0.8319381331053184
f1 = 0.6995849609375
acc = 0.7589972090290359
