auc = 0.8875336497971339
f1 = 0.9492662665175617
acc = 0.9085787136042113
