auc = 0.9143019585505917
f1 = 0.6626443716600586
acc = 0.8997541235529146
