auc = 0.9143831416980925
f1 = 0.65482323680938
acc = 0.900471263190247
