auc = 0.9421288700907173
f1 = 0.985435656179555
acc = 0.971289462498551
