auc = 0.9133690395382735
f1 = 0.6547892044452284
acc = 0.8997541235529146
