auc = 0.8887422542499355
f1 = 0.9841326439650562
acc = 0.9690482630704432
