auc = 0.8443795893388755
f1 = 0.6218187712757336
acc = 0.880493801864563
