auc = 0.8115472615570101
f1 = 0.7010669720899391
acc = 0.7571855261225089
