auc = 0.8945777082873619
f1 = 0.640373637778931
acc = 0.8935047638561623
