auc = 0.8897429859315533
f1 = 0.9481897484291206
acc = 0.9074272084224378
