auc = 0.8983027691132651
f1 = 0.9499576300300026
acc = 0.9101414706366179
