auc = 0.9344252595624085
f1 = 0.985435656179555
acc = 0.971289462498551
