auc = 0.8995719997626032
f1 = 0.9518840843851095
acc = 0.9131436091462412
