auc = 0.897930270450761
f1 = 0.9505243958048336
acc = 0.9107583484125679
