auc = 0.9450950490167941
f1 = 0.9874602579039871
acc = 0.9754627303991653
