auc = 0.8367900832997754
f1 = 0.7083915658990096
acc = 0.765019830583166
