auc = 0.8996551711386678
f1 = 0.9507026136311623
acc = 0.9114163513735812
