auc = 0.8339358717844714
f1 = 0.7017348891770081
acc = 0.7634529696910346
