auc = 0.8299216085178365
f1 = 0.6999075500770415
acc = 0.7615923223816286
