auc = 0.7900278788374429
f1 = 0.9399791835318609
acc = 0.8932801447606514
