auc = 0.8992859195673657
f1 = 0.9500441386178953
acc = 0.9092367165652245
