auc = 0.8762489688002364
f1 = 0.9490469041444883
acc = 0.9078795854581345
