auc = 0.8318655458747695
f1 = 0.6959606647164996
acc = 0.7608088919355629
