auc = 0.9442940230181461
f1 = 0.9858160202460127
acc = 0.9720622898875536
