auc = 0.907813310065794
f1 = 0.6441040256501603
acc = 0.8976539289007274
