auc = 0.9006255624343973
f1 = 0.9509447757442823
acc = 0.9117042276690245
