auc = 0.8718925948411926
f1 = 0.9481602690847935
acc = 0.9061934528705379
