auc = 0.833468882735127
f1 = 0.6982167352537724
acc = 0.7630122900651226
