auc = 0.8620883200249965
f1 = 0.9461863721435338
acc = 0.904219443987498
