auc = 0.8996111787830385
f1 = 0.9498412698412698
acc = 0.9090310906399078
