auc = 0.8297335254449724
f1 = 0.6930200758282056
acc = 0.7581648141800911
