auc = 0.8274805409056093
f1 = 0.6976915520628684
acc = 0.7588992802232777
