auc = 0.8970442958860745
f1 = 0.9498992489466935
acc = 0.9100180950814278
