auc = 0.8827782827731384
f1 = 0.6363946739501536
acc = 0.8908923266058806
