auc = 0.9070783286617551
f1 = 0.6390174439302243
acc = 0.896117201106444
