auc = 0.943284280485893
f1 = 0.9870114465334203
acc = 0.9746126202712624
