auc = 0.9090931519829457
f1 = 0.6237161531279177
acc = 0.8967831164839668
