auc = 0.9075686916704907
f1 = 0.6563133018230926
acc = 0.8957074070279685
