auc = 0.8030464189179648
f1 = 0.6882838788620373
acc = 0.7505263673309504
