auc = 0.8270768970821463
f1 = 0.7129183758397243
acc = 0.7635508984967928
