auc = 0.8883887273340046
f1 = 0.9497307001795332
acc = 0.9101825958216812
