auc = 0.9010160079609815
f1 = 0.9516576470053209
acc = 0.9125678565553546
