auc = 0.8993711538013704
f1 = 0.9508655921384948
acc = 0.9119921039644678
