auc = 0.9003445629818645
f1 = 0.9510228256412592
acc = 0.9115808521138345
