auc = 0.9002497708394035
f1 = 0.9514284412448171
acc = 0.9123211054449745
