auc = 0.940089118425911
f1 = 0.986237361342888
acc = 0.9729124000154565
