auc = 0.9001138972630736
f1 = 0.9506153035268236
acc = 0.9113752261885179
