auc = 0.8313897579305701
f1 = 0.6945935822200024
acc = 0.7604661411154091
