auc = 0.8341805197859345
f1 = 0.5923297854367291
acc = 0.8763958610798074
