auc = 0.8826049215350468
f1 = 0.6193665158371041
acc = 0.8922753816207356
