auc = 0.8289449165809257
f1 = 0.6974302630775805
acc = 0.7572834549282671
