auc = 0.8257353309957262
f1 = 0.7085863999047279
acc = 0.7603682123096509
