auc = 0.9418929797139095
f1 = 0.9871534287123829
acc = 0.9748444684879632
