auc = 0.9037272985539763
f1 = 0.9524332235638493
acc = 0.9144596150682678
