auc = 0.8285359749170631
f1 = 0.6907165109034269
acc = 0.7569407041081134
