auc = 0.8866575029415289
f1 = 0.6232755571276973
acc = 0.8908923266058806
