auc = 0.8949868837347174
f1 = 0.9864660472607987
acc = 0.9733760964488581
