auc = 0.9321825473997497
f1 = 0.9873367940852603
acc = 0.9751149580741142
