auc = 0.912813835132572
f1 = 0.9864387374405338
acc = 0.9734533791877584
