auc = 0.946718010148614
f1 = 0.987753328329317
acc = 0.9760423509409173
