auc = 0.8304049341981927
f1 = 0.6909685123499466
acc = 0.7592420310434315
