auc = 0.9004896048157066
f1 = 0.950948391956358
acc = 0.9116219772988978
