auc = 0.9433278389517954
f1 = 0.9875973577836932
acc = 0.9756945786158662
