auc = 0.909574629321528
f1 = 0.597817614964926
acc = 0.8942731277533039
