auc = 0.8848863626819415
f1 = 0.6278363408969091
acc = 0.8932998668169245
