auc = 0.9439824206920007
f1 = 0.9874886529581246
acc = 0.9755013717686155
