auc = 0.901072111937683
f1 = 0.6406221739916803
acc = 0.8982173957586312
