auc = 0.8175788517515375
f1 = 0.9419190751445086
acc = 0.896693535120908
