auc = 0.8400826083293931
f1 = 0.7035997254975357
acc = 0.7673701219213632
