auc = 0.9084240352510092
f1 = 0.654212074035634
acc = 0.897602704640918
