auc = 0.8999241066923573
f1 = 0.9513284418721231
acc = 0.9121566047047212
