auc = 0.8792505646271389
f1 = 0.9473924142961343
acc = 0.9050830728738279
