auc = 0.8514556396610753
f1 = 0.9466703509256701
acc = 0.9047540713933213
