auc = 0.8952300428884974
f1 = 0.9498009780507222
acc = 0.9092367165652245
