auc = 0.9131861913440783
f1 = 0.6681583476764199
acc = 0.9012396270873886
