auc = 0.876048385003203
f1 = 0.6391928864569084
acc = 0.8919168118020695
