auc = 0.8282421444177658
f1 = 0.6932484712342444
acc = 0.7592909954463105
