auc = 0.8308923744696681
f1 = 0.6976341960590524
acc = 0.7603192479067717
