auc = 0.9412099390620543
f1 = 0.9875968686530081
acc = 0.9756945786158662
