auc = 0.9009206962839279
f1 = 0.9505519569382355
acc = 0.9108405987826945
