auc = 0.8247406565913559
f1 = 0.7002733070148801
acc = 0.7583606717916075
