auc = 0.9403240450013834
f1 = 0.9875256592452234
acc = 0.9755786545075158
