auc = 0.9416517348852391
f1 = 0.9867145705430642
acc = 0.9739943583600603
