auc = 0.8024001359519337
f1 = 0.6861960736045295
acc = 0.7503305097194339
