auc = 0.9009568497793843
f1 = 0.9515154289900193
acc = 0.9128968580358612
