auc = 0.9132484005793725
f1 = 0.6522125466500799
acc = 0.8997541235529146
