auc = 0.9003116030961082
f1 = 0.9508999016625883
acc = 0.9117042276690245
