auc = 0.9044958723151151
f1 = 0.634870164281929
acc = 0.8941194549738757
