auc = 0.9427662372681842
f1 = 0.9878022346148541
acc = 0.9760809923103675
