auc = 0.8986177522403096
f1 = 0.9502531616829009
acc = 0.9098947195262379
