auc = 0.876520557239947
f1 = 0.9862044570215776
acc = 0.9728737586460064
