auc = 0.9421103169150132
f1 = 0.9870104232469993
acc = 0.9745739789018123
