auc = 0.9011776519811352
f1 = 0.950603180405776
acc = 0.9110873498930745
