auc = 0.8985672405670642
f1 = 0.6379551820728292
acc = 0.8940682307140662
