auc = 0.8349665257317763
f1 = 0.6848893166506256
acc = 0.7595358174607061
