auc = 0.9429412742995735
f1 = 0.9872997689071482
acc = 0.9751535994435643
