auc = 0.8378559815198862
f1 = 0.7132535972314977
acc = 0.7687411252019781
