auc = 0.9042162075387132
f1 = 0.6510563380281689
acc = 0.8984735170576785
