auc = 0.9275837157839817
f1 = 0.9861767555915913
acc = 0.9729896827543568
