auc = 0.8979574237734262
f1 = 0.9504722943623451
acc = 0.9113752261885179
