auc = 0.8904946903587329
f1 = 0.6460664180429764
acc = 0.8979100501997747
