auc = 0.8973740322674989
f1 = 0.9494865773357277
acc = 0.9097713439710479
