auc = 0.830269668841151
f1 = 0.6952671946124588
acc = 0.7607109631298047
