auc = 0.8731709727882473
f1 = 0.9861769274632795
acc = 0.9728351172765562
