auc = 0.9062586995578353
f1 = 0.6491167301697264
acc = 0.8962196496260629
