auc = 0.8954639404180615
f1 = 0.9512816393969296
acc = 0.9126912321105445
