auc = 0.8290137300740578
f1 = 0.692509036520005
acc = 0.7584096361944866
