auc = 0.7730159096161391
f1 = 0.938222325365514
acc = 0.8905247573614081
