auc = 0.893106987697482
f1 = 0.932338090010977
acc = 0.8732521796348084
