auc = 0.9260223040763228
f1 = 0.9859467162820157
acc = 0.9725646276904053
