auc = 0.8481554823590087
f1 = 0.9849956566374477
acc = 0.9706325592178987
