auc = 0.9351882689528318
f1 = 0.985435656179555
acc = 0.971289462498551
