auc = 0.9118103154708774
f1 = 0.6454932576295245
acc = 0.8976539289007274
