auc = 0.8986759019135804
f1 = 0.9505528325544284
acc = 0.9107994735976311
