auc = 0.9120427936165193
f1 = 0.6563775057654782
acc = 0.9007786087491035
