auc = 0.9080717675821737
f1 = 0.6584519264144394
acc = 0.8991906566950107
