auc = 0.9417829992726513
f1 = 0.9873293196395545
acc = 0.9751149580741142
