auc = 0.8352565143229159
f1 = 0.7075991522858007
acc = 0.7635508984967928
