auc = 0.8985848993175577
f1 = 0.9497149742781666
acc = 0.9107583484125679
