auc = 0.7509853252742533
f1 = 0.6765150633942072
acc = 0.7276599911864075
