auc = 0.913153645548995
f1 = 0.6573524275235766
acc = 0.8994980022538674
