auc = 0.9011647400184721
f1 = 0.9515674734937828
acc = 0.9130202335910511
