auc = 0.8990357101796447
f1 = 0.9510962756350168
acc = 0.9120332291495312
