auc = 0.8273138829225966
f1 = 0.6949152542372882
acc = 0.7585075650002449
