auc = 0.9004301028244527
f1 = 0.9510534107732606
acc = 0.9116219772988978
