auc = 0.8277640484070689
f1 = 0.7155107913669065
acc = 0.7579689565685747
