auc = 0.836137679575121
f1 = 0.7052560729364253
acc = 0.7641384713313422
