auc = 0.8345858846638721
f1 = 0.704656862745098
acc = 0.7639915781227048
