auc = 0.908869292269257
f1 = 0.6403712296983759
acc = 0.8967831164839668
