auc = 0.9227270673110285
f1 = 0.9859713147723037
acc = 0.9723714208431546
