auc = 0.8895705692088227
f1 = 0.9499897098168347
acc = 0.9100592202664912
