auc = 0.9094536467706554
f1 = 0.6181334347082305
acc = 0.8970904620428235
