auc = 0.8958655559383812
f1 = 0.9512111281710476
acc = 0.9124444810001645
