auc = 0.902619325674032
f1 = 0.6337699623183205
acc = 0.8954512857289212
