auc = 0.943731564622237
f1 = 0.9874536416002525
acc = 0.9754240890297152
