auc = 0.8944851293394712
f1 = 0.6585845347313237
acc = 0.893248642557115
