auc = 0.8226344436561527
f1 = 0.6980055231666153
acc = 0.759046173431915
