auc = 0.909192325987846
f1 = 0.6299872472217162
acc = 0.8959635283270156
