auc = 0.8277790897940125
f1 = 0.6785276864565203
acc = 0.755814522841894
