auc = 0.8244559707099545
f1 = 0.6719728601252609
acc = 0.7538069823238506
