auc = 0.9078832023993408
f1 = 0.6439285714285714
acc = 0.8978588259399651
