auc = 0.9396044066710474
f1 = 0.9877341747189903
acc = 0.9759650682020171
