auc = 0.8821093760140736
f1 = 0.635146305174409
acc = 0.8869480586005533
