auc = 0.9391132695739484
f1 = 0.987067183716856
acc = 0.9746126202712624
