auc = 0.8339114617900565
f1 = 0.6988866081980468
acc = 0.7629633256622436
