auc = 0.900612711593451
f1 = 0.9511332252984274
acc = 0.9119509787794045
