auc = 0.7432032846610477
f1 = 0.6658476658476659
acc = 0.7203153307545415
