auc = 0.941546573450657
f1 = 0.9874097170146425
acc = 0.9753468062908149
