auc = 0.8300925125641109
f1 = 0.6982101938440578
acc = 0.7613964647701121
