auc = 0.8323293211606361
f1 = 0.7058391929073679
acc = 0.7644322577486168
