auc = 0.9102613074208994
f1 = 0.6446664288262576
acc = 0.8979612744595841
