auc = 0.9435038397845198
f1 = 0.98730183768436
acc = 0.9751149580741142
