auc = 0.9011744737125417
f1 = 0.653707207982109
acc = 0.8968855650035857
