auc = 0.9009931102378447
f1 = 0.9501903480976588
acc = 0.9101414706366179
