auc = 0.9056888713614564
f1 = 0.6597993311036789
acc = 0.8697367073045794
