auc = 0.7869251538832732
f1 = 0.6845621711109796
acc = 0.7387749106399647
