auc = 0.945976338248863
f1 = 0.987589037311813
acc = 0.9756945786158662
