auc = 0.9025796503455391
f1 = 0.6466431095406361
acc = 0.8975514803811085
