auc = 0.9378601136600205
f1 = 0.9872788592390982
acc = 0.975076316704664
