auc = 0.9074983603027578
f1 = 0.6493279804503403
acc = 0.8970904620428235
