auc = 0.8304244310299576
f1 = 0.6954355812939784
acc = 0.7605151055182882
