auc = 0.8902520305092716
f1 = 0.9487711532254346
acc = 0.9086198387892745
