auc = 0.9108440966699829
f1 = 0.6477474281660164
acc = 0.8982686200184408
