auc = 0.918947252652167
f1 = 0.9861671356329076
acc = 0.9728351172765562
