auc = 0.9127740623184211
f1 = 0.6615705350938151
acc = 0.9002151418911997
