auc = 0.8299215013923873
f1 = 0.6898335015136225
acc = 0.7591930666405523
