auc = 0.930290069933425
f1 = 0.9859756700623082
acc = 0.9726032690598555
