auc = 0.9438311038823631
f1 = 0.9875925634157869
acc = 0.975655937246416
