auc = 0.8959563828094683
f1 = 0.949434832756632
acc = 0.9098535943411745
