auc = 0.898521088245273
f1 = 0.9501414104552505
acc = 0.9101003454515545
