auc = 0.9003765296397235
f1 = 0.9515114070616233
acc = 0.9128557328507978
