auc = 0.8288686140450229
f1 = 0.7061346039309113
acc = 0.7584096361944866
