auc = 0.9000147731189381
f1 = 0.9508843537414965
acc = 0.9109228491528212
