auc = 0.9428636615198247
f1 = 0.9874955623052345
acc = 0.9755013717686155
