auc = 0.9003984646958213
f1 = 0.9505041037013329
acc = 0.9109639743378846
