auc = 0.894537205308519
f1 = 0.9501926252063843
acc = 0.9106760980424412
