auc = 0.9009889768817498
f1 = 0.9507858208099117
acc = 0.9117864780391511
