auc = 0.9088749519925662
f1 = 0.6498687664041995
acc = 0.897500256121299
