auc = 0.9006563677796382
f1 = 0.9503893724232707
acc = 0.9109228491528212
