auc = 0.8288864553016628
f1 = 0.7039329934450109
acc = 0.7611516427557166
