auc = 0.8328334827408729
f1 = 0.7042597339191994
acc = 0.762718503647848
