auc = 0.93037678528134
f1 = 0.9857939931146374
acc = 0.9722554967348043
