auc = 0.8389639118708145
f1 = 0.7140261627906979
acc = 0.7687900896048573
