auc = 0.9099033895729762
f1 = 0.6437937848033052
acc = 0.8984222927978691
