auc = 0.8308568331672079
f1 = 0.7014888943129118
acc = 0.7604661411154091
