auc = 0.9139323872083
f1 = 0.6567901234567901
acc = 0.9003175904108186
