auc = 0.9427062406350638
f1 = 0.9874181588703953
acc = 0.9753468062908149
