auc = 0.8278928375437693
f1 = 0.7062282491299653
acc = 0.7602702835038927
