auc = 0.8829284707342796
f1 = 0.9859789091196335
acc = 0.9725646276904053
