auc = 0.7741618837132995
f1 = 0.9826319437568075
acc = 0.9661115189922331
