auc = 0.9388493486416398
f1 = 0.986978191918993
acc = 0.9744580547934619
