auc = 0.9049022041494003
f1 = 0.9861643673162825
acc = 0.9729510413849067
