auc = 0.8326196846908481
f1 = 0.7047270509301616
acc = 0.7629633256622436
