auc = 0.8559427911733151
f1 = 0.946821836070054
acc = 0.9039726928771179
