auc = 0.8916325485243781
f1 = 0.9501694604744894
acc = 0.9105115973021879
