auc = 0.832743774915797
f1 = 0.7036788481483742
acc = 0.7621798952161778
