auc = 0.8327987093171562
f1 = 0.9455533301102746
acc = 0.9027389373252179
