auc = 0.907750661796314
f1 = 0.6438331854480922
acc = 0.8971929105624423
