auc = 0.8352241283518701
f1 = 0.6889572124007174
acc = 0.762228859619057
