auc = 0.8317049210022852
f1 = 0.6963266319185902
acc = 0.7603682123096509
