auc = 0.9365355025859861
f1 = 0.9872128818375563
acc = 0.9749603925963136
