auc = 0.9103647476927799
f1 = 0.6548735184857598
acc = 0.9000614691117713
