auc = 0.8999546828311603
f1 = 0.9509330280480824
acc = 0.9118687284092778
