auc = 0.9397899919726058
f1 = 0.9876289880235977
acc = 0.9757718613547665
