auc = 0.8377090735742454
f1 = 0.7043074062596839
acc = 0.766390833863781
