auc = 0.9023162107455717
f1 = 0.637609841827768
acc = 0.8943755762729229
