auc = 0.9399160893139704
f1 = 0.986030998626643
acc = 0.9724873449515051
