auc = 0.82821578668791
f1 = 0.6875554991754408
acc = 0.7588013514175195
