auc = 0.9005959489626331
f1 = 0.9511174142781984
acc = 0.9121154795196579
