auc = 0.8983738765904864
f1 = 0.9498943349921604
acc = 0.9093189669353512
