auc = 0.8962020462695062
f1 = 0.9497477111349574
acc = 0.9094834676756045
