auc = 0.9438894674076657
f1 = 0.9877087929404349
acc = 0.9758877854631168
