auc = 0.9446556091524289
f1 = 0.9876070568733473
acc = 0.9757332199853163
