auc = 0.9090518636810306
f1 = 0.5463212435233161
acc = 0.8878700952771232
