auc = 0.9376211980179104
f1 = 0.9875019712979025
acc = 0.9755013717686155
