auc = 0.9074167082886058
f1 = 0.9860930544064925
acc = 0.9727191931682059
