auc = 0.899197965416966
f1 = 0.9507466418164875
acc = 0.9108817239677579
