auc = 0.8142672205377016
f1 = 0.7015040722905891
acc = 0.7541497331440044
