auc = 0.8996889485273853
f1 = 0.9511368032954778
acc = 0.9117042276690245
