auc = 0.8995245355209198
f1 = 0.6592568015925679
acc = 0.8947853703513984
