auc = 0.9098345089269012
f1 = 0.6483073145062269
acc = 0.8972953590820613
