auc = 0.8299388849311987
f1 = 0.6949078955529369
acc = 0.7591441022376733
