auc = 0.9330730195167629
f1 = 0.9869153729610608
acc = 0.9743034893156614
