auc = 0.9090990503117906
f1 = 0.6462239355177851
acc = 0.896578219444729
