auc = 0.8346981521346937
f1 = 0.7007444168734491
acc = 0.7637957205111884
