auc = 0.8989467951649738
f1 = 0.637671114191648
acc = 0.8928900727384489
