auc = 0.8312260020733643
f1 = 0.7000184604024368
acc = 0.7612985359643539
