auc = 0.8262545485709222
f1 = 0.6945745992601727
acc = 0.7574303481369045
