auc = 0.9096288023223763
f1 = 0.6073678182859324
acc = 0.89463169757197
