auc = 0.9077460328489195
f1 = 0.6435486710086253
acc = 0.8962708738858723
