auc = 0.9099102423239646
f1 = 0.6553295932678822
acc = 0.8992931052146297
