auc = 0.8798754959798107
f1 = 0.9461209804362491
acc = 0.9014640565882547
