auc = 0.8281447138216664
f1 = 0.7064347197977487
acc = 0.7612006071585957
