auc = 0.9093857587236094
f1 = 0.6447485338546295
acc = 0.897602704640918
