auc = 0.9116427284867521
f1 = 0.6209495101733233
acc = 0.8969367892633952
