auc = 0.9347331673167685
f1 = 0.985531342160996
acc = 0.9717531589319526
