auc = 0.9144154855459784
f1 = 0.9860134334255236
acc = 0.9726419104293056
