auc = 0.9099700845923433
f1 = 0.6532507739938082
acc = 0.8967318922241574
