auc = 0.864883640669989
f1 = 0.6181877338539125
acc = 0.8797766622272308
