auc = 0.9111009603013837
f1 = 0.6697077208988005
acc = 0.8998565720725336
