auc = 0.9408693156068136
f1 = 0.9872607690940333
acc = 0.975076316704664
