auc = 0.9069977468002043
f1 = 0.640752573659922
acc = 0.8963220981456818
