auc = 0.8323106375084178
f1 = 0.6977575160177427
acc = 0.7597806394751015
