auc = 0.7942854075173824
f1 = 0.6885975181456333
acc = 0.7395093766831513
