auc = 0.9120108491073863
f1 = 0.6539074960127592
acc = 0.8999590205921525
