auc = 0.8256537987901642
f1 = 0.6924897247477894
acc = 0.7582137785829702
