auc = 0.8301387177181111
f1 = 0.6899420216788505
acc = 0.7590951378347941
