auc = 0.8390794807532087
f1 = 0.7128772393892028
acc = 0.7661460118493855
