auc = 0.8142119243285304
f1 = 0.6925308194343728
acc = 0.7508691181511041
