auc = 0.8989580091972291
f1 = 0.9500320307495196
acc = 0.9101825958216812
