auc = 0.9440055519240473
f1 = 0.9877541361834711
acc = 0.9760037095714672
