auc = 0.8956254316339235
f1 = 0.9499759168788277
acc = 0.9103059713768712
