auc = 0.8831907649349886
f1 = 0.6495143976827399
acc = 0.89463169757197
