auc = 0.9091214792321558
f1 = 0.40038638010142474
acc = 0.8728101628931462
