auc = 0.8992847811753915
f1 = 0.9497920448539718
acc = 0.9101414706366179
