auc = 0.9127085316940688
f1 = 0.6593175853018372
acc = 0.9002663661510091
