auc = 0.910777668888816
f1 = 0.6538124452234881
acc = 0.8988320868763446
