auc = 0.9150520580013789
f1 = 0.6633061011646099
acc = 0.9007786087491035
