auc = 0.875105148687517
f1 = 0.6557431867580673
acc = 0.8945292490523512
