auc = 0.8998472614139763
f1 = 0.9511895555656644
acc = 0.9117453528540879
