auc = 0.9279367347952844
f1 = 0.9861018413097248
acc = 0.9726419104293056
