auc = 0.8919061661778752
f1 = 0.6357706831445246
acc = 0.8913021206843561
