auc = 0.9007554842835591
f1 = 0.9509415036702686
acc = 0.9114986017437079
