auc = 0.8904618537226517
f1 = 0.9485454503708125
acc = 0.9078384602730712
