auc = 0.9415346062507444
f1 = 0.9867857072313193
acc = 0.9741489238378608
