auc = 0.7823213159679734
f1 = 0.6899004267425319
acc = 0.7438182441365128
