auc = 0.9427295860451846
f1 = 0.9866829038340666
acc = 0.9738011515128097
