auc = 0.8310591882715163
f1 = 0.6928584770562232
acc = 0.7584586005973657
