auc = 0.8205984076288901
f1 = 0.7063784923563522
acc = 0.7545414483670372
