auc = 0.899742834960913
f1 = 0.9503529843219951
acc = 0.9109228491528212
