auc = 0.9317738420890757
f1 = 0.9852777777777777
acc = 0.9713281038680011
