auc = 0.9101106041644874
f1 = 0.6375022690143402
acc = 0.8977051531605368
