auc = 0.9011526379185562
f1 = 0.9503363717769155
acc = 0.9110462247080112
