auc = 0.9098604119438678
f1 = 0.6716616716616718
acc = 0.898985759655773
