auc = 0.9364835108584001
f1 = 0.9872328669810763
acc = 0.9749990339657637
