auc = 0.8390416070375577
f1 = 0.7047901968065354
acc = 0.7664397982666601
