auc = 0.9058757281286531
f1 = 0.5962660443407234
acc = 0.8936584366355906
