auc = 0.9338730281695572
f1 = 0.986793158423052
acc = 0.9740716410989605
