auc = 0.8997636087235711
f1 = 0.6729457616109126
acc = 0.8968343407437762
