auc = 0.8326067371195038
f1 = 0.7010752688172043
acc = 0.761788179993145
