auc = 0.9433650256199813
f1 = 0.98713718361621
acc = 0.9748444684879632
