auc = 0.9135489385680461
f1 = 0.6510881198715662
acc = 0.8998053478127241
