auc = 0.9042361826871882
f1 = 0.9522960117087449
acc = 0.9142128639578878
