auc = 0.9080745449506108
f1 = 0.6502703645560788
acc = 0.8972953590820613
