auc = 0.9443628009523214
f1 = 0.9873103936729033
acc = 0.975076316704664
