auc = 0.8181697422220837
f1 = 0.6933933568560652
acc = 0.7532194094893013
