auc = 0.9435859503038331
f1 = 0.9879013953855567
acc = 0.9763128405270682
