auc = 0.8133990564195656
f1 = 0.7014468391667166
acc = 0.7565000244822014
