auc = 0.8964559993623783
f1 = 0.9499079942751992
acc = 0.9093189669353512
