auc = 0.8201083669989837
f1 = 0.5961475677440418
acc = 0.8732711812314312
