auc = 0.8627428297464217
f1 = 0.9855118359591482
acc = 0.9717145175625024
