auc = 0.896078542200603
f1 = 0.9495403472931564
acc = 0.9085787136042113
