auc = 0.8742490051065359
f1 = 0.9482113765172896
acc = 0.9071804573120579
