auc = 0.909151257203024
f1 = 0.651049800451154
acc = 0.8969880135232046
