auc = 0.901343620362749
f1 = 0.9508520055959453
acc = 0.9118687284092778
