auc = 0.8998285199675786
f1 = 0.9508562579704863
acc = 0.9112518506333278
