auc = 0.9096900666797486
f1 = 0.6267774699907664
acc = 0.8964757709251101
