auc = 0.9219588908745577
f1 = 0.9868771583621115
acc = 0.9743034893156614
