auc = 0.9137088615423615
f1 = 0.6582994520063638
acc = 0.9009835057883414
