auc = 0.9446565729537642
f1 = 0.9878312920883707
acc = 0.9761196336798176
