auc = 0.9022676737569691
f1 = 0.9515897762705693
acc = 0.9125267313702912
