auc = 0.8913709262399663
f1 = 0.6371994342291372
acc = 0.8948878188710173
