auc = 0.9107794536582238
f1 = 0.6462633451957296
acc = 0.8981661714988218
