auc = 0.9403230276555297
f1 = 0.985435656179555
acc = 0.971289462498551
