auc = 0.8171072525389949
f1 = 0.6986170720076299
acc = 0.7524359790432356
