auc = 0.8368041459496599
f1 = 0.7072011697331547
acc = 0.7646770797630122
