auc = 0.9433362186689604
f1 = 0.986661952187322
acc = 0.9737625101433595
