auc = 0.8371244120882304
f1 = 0.7153033361035259
acc = 0.7651667237918034
