auc = 0.8851498188016147
f1 = 0.9486076938996068
acc = 0.9080852113834512
