auc = 0.8386884485167263
f1 = 0.7173745631182987
acc = 0.766390833863781
