auc = 0.9122153626842321
f1 = 0.6558066211245401
acc = 0.8993443294744391
