auc = 0.8729075058047955
f1 = 0.6411003236245955
acc = 0.8863845917426493
