auc = 0.8081325209978054
f1 = 0.6956469311467502
acc = 0.7528276942662684
