auc = 0.826676257640601
f1 = 0.7080910852713178
acc = 0.7639915781227048
