auc = 0.8999476767543781
f1 = 0.9502501262104732
acc = 0.9108405987826945
