auc = 0.8921933055644321
f1 = 0.9852138847157429
acc = 0.9710962556513003
