auc = 0.8993968052054947
f1 = 0.6458476321207962
acc = 0.8942731277533039
