auc = 0.9086670531153058
f1 = 0.9852021840626731
acc = 0.9710962556513003
