auc = 0.9000177392990208
f1 = 0.9868439165404811
acc = 0.9741489238378608
