auc = 0.9436999198117288
f1 = 0.9871448036176221
acc = 0.9748444684879632
