auc = 0.9016581985584198
f1 = 0.9512117055326932
acc = 0.9122388550748478
