auc = 0.7875409888750221
f1 = 0.6881044200533966
acc = 0.7425941340645351
