auc = 0.9341818461807337
f1 = 0.9864426877470356
acc = 0.9734920205572085
