auc = 0.8904677470216302
f1 = 0.6565016275483982
acc = 0.8972953590820613
