auc = 0.9322234821842394
f1 = 0.9861647170595571
acc = 0.9729896827543568
