auc = 0.9111840738468867
f1 = 0.9870867259428662
acc = 0.9746899030101627
