auc = 0.9086116613107869
f1 = 0.9851691978694335
acc = 0.9710576142818501
