auc = 0.8164468728377092
f1 = 0.6935977475823234
acc = 0.754884199187191
