auc = 0.8805997272015538
f1 = 0.9485829403415595
acc = 0.9076328343477545
