auc = 0.8990969235789674
f1 = 0.950339325018342
acc = 0.9109228491528212
