auc = 0.909568225148947
f1 = 0.6369080021774634
acc = 0.897500256121299
