auc = 0.8000061213399323
f1 = 0.9417619554650248
acc = 0.8965290343806547
