auc = 0.8996501820785381
f1 = 0.9509765399283486
acc = 0.9127734824806711
