auc = 0.8405712610661806
f1 = 0.7132588341890668
acc = 0.7675659795328796
