auc = 0.8323728725250976
f1 = 0.695581728672026
acc = 0.7608088919355629
