auc = 0.8742751946236164
f1 = 0.9871122285352286
acc = 0.9748444684879632
