auc = 0.901131589127351
f1 = 0.9507859152996088
acc = 0.9115397269287712
