auc = 0.9018130886288731
f1 = 0.950902625820569
acc = 0.9114163513735812
