auc = 0.8864825167135807
f1 = 0.949251534870887
acc = 0.9092367165652245
