auc = 0.9119850797095198
f1 = 0.6438429826133716
acc = 0.8982173957586312
