auc = 0.9428338907674686
f1 = 0.9877176034540543
acc = 0.9759264268325669
