auc = 0.7997479484259132
f1 = 0.6983434533985734
acc = 0.7494491504676101
