auc = 0.9086674319859693
f1 = 0.6574358974358975
acc = 0.8973465833418707
