auc = 0.8065030893518764
f1 = 0.6893643031784841
acc = 0.7511629045683788
