auc = 0.909514033059656
f1 = 0.6770645214250534
acc = 0.8992418809548202
