auc = 0.910990781809172
f1 = 0.6604003481288075
acc = 0.9000614691117713
