auc = 0.8977478832479859
f1 = 0.9500332805435057
acc = 0.9104704721171245
