auc = 0.8931238114500167
f1 = 0.9496094906300522
acc = 0.9089899654548446
