auc = 0.864680927142616
f1 = 0.984154650610046
acc = 0.9690869044398933
