auc = 0.8333004571822015
f1 = 0.7123498431859874
acc = 0.7619840376046614
