auc = 0.8882642223969894
f1 = 0.9488705532260246
acc = 0.9067280802763612
