auc = 0.8300256516757586
f1 = 0.7011480064189606
acc = 0.7629143612593644
