auc = 0.9416794709458873
f1 = 0.9874401088392452
acc = 0.975385447660265
