auc = 0.8307345738135735
f1 = 0.693213122965189
acc = 0.7600744258923763
