auc = 0.8215069872574279
f1 = 0.7036190934231092
acc = 0.7586054938060031
