auc = 0.9101408498022054
f1 = 0.6373989713445997
acc = 0.898883311136154
