auc = 0.8476351902715178
f1 = 0.9834609130210605
acc = 0.9677730978785888
