auc = 0.8314610012236647
f1 = 0.6974961360123647
acc = 0.76041717671253
