auc = 0.8864622090231911
f1 = 0.9502090807302973
acc = 0.9103882217469978
