auc = 0.9330003596049872
f1 = 0.9857546480153321
acc = 0.9721395726264539
