auc = 0.7926123878028157
f1 = 0.981147084559701
acc = 0.9633679817612736
