auc = 0.9008174311434827
f1 = 0.9511755718227634
acc = 0.9119509787794045
