auc = 0.9099287581135427
f1 = 0.6066332433474739
acc = 0.8955025099887307
