auc = 0.8998738722814054
f1 = 0.9512987012987013
acc = 0.9124033558151011
