auc = 0.9434618608819169
f1 = 0.985435656179555
acc = 0.971289462498551
