auc = 0.8358155192638339
f1 = 0.7034465810653069
acc = 0.763648827302551
