auc = 0.8929126053577952
f1 = 0.9502472821751715
acc = 0.9102237210067445
