auc = 0.8902358943760502
f1 = 0.9514203375874847
acc = 0.9126501069254812
