auc = 0.870330163316616
f1 = 0.947849327272312
acc = 0.9061112025004112
