auc = 0.894969687295796
f1 = 0.932338090010977
acc = 0.8732521796348084
