auc = 0.9091039083204995
f1 = 0.648895124517713
acc = 0.8974490318614896
