auc = 0.9057267523763204
f1 = 0.6502086230876218
acc = 0.8969367892633952
