auc = 0.9452041192012358
f1 = 0.9872577490665561
acc = 0.975076316704664
