auc = 0.9111792897266764
f1 = 0.680472415466753
acc = 0.8988320868763446
