auc = 0.9386319578960175
f1 = 0.9871483565294642
acc = 0.9748444684879632
