auc = 0.9099458231814632
f1 = 0.6197661259901923
acc = 0.8967318922241574
