auc = 0.893108378216538
f1 = 0.950739029492219
acc = 0.9118687284092778
