auc = 0.9122558015504396
f1 = 0.6592865928659287
acc = 0.9006761602294847
