auc = 0.8318969092847088
f1 = 0.7094837935174071
acc = 0.7630122900651226
