auc = 0.8194772570236558
f1 = 0.6977593765221627
acc = 0.7569407041081134
