auc = 0.9011905333829398
f1 = 0.9514629790741336
acc = 0.9128146076657345
