auc = 0.8738935746834339
f1 = 0.9465927465927466
acc = 0.9049185721335746
