auc = 0.9023208725711834
f1 = 0.9511357693444598
acc = 0.9116219772988978
