auc = 0.90517684297007
f1 = 0.637121077823081
acc = 0.8951439401700645
