auc = 0.9437117531503453
f1 = 0.9872305206321681
acc = 0.9749603925963136
