auc = 0.8200656382194667
f1 = 0.6968166047842229
acc = 0.7561202506854681
