auc = 0.9121970186906396
f1 = 0.6397820163487737
acc = 0.8984222927978691
