auc = 0.9433138638324338
f1 = 0.985435656179555
acc = 0.971289462498551
