auc = 0.9058619844497908
f1 = 0.6451612903225806
acc = 0.8991394324352013
