auc = 0.8343057710914185
f1 = 0.7079570935094843
acc = 0.764040542525584
