auc = 0.908698355263409
f1 = 0.6112681364235915
acc = 0.8943243520131134
