auc = 0.924030046399538
f1 = 0.9858764885073388
acc = 0.9724100622126048
