auc = 0.9113179768083054
f1 = 0.6527949215305943
acc = 0.8991394324352013
