auc = 0.9087744990619939
f1 = 0.5367600589846219
acc = 0.8873578526790288
