auc = 0.8836412584301365
f1 = 0.9498594405272132
acc = 0.9105115973021879
