auc = 0.9428168903828046
f1 = 0.987258382642998
acc = 0.9750376753352139
