auc = 0.940970247024424
f1 = 0.9858972598709373
acc = 0.9722168553653542
