auc = 0.882165306494543
f1 = 0.9490248328777194
acc = 0.9087432143444646
