auc = 0.8300390813116245
f1 = 0.7019851418828401
acc = 0.7603682123096509
