auc = 0.9106317186546771
f1 = 0.6520972858653507
acc = 0.898883311136154
