auc = 0.9006754912367656
f1 = 0.9505555045450372
acc = 0.9114163513735812
