auc = 0.8361348310120384
f1 = 0.7037264789078833
acc = 0.764089506928463
