auc = 0.833965063469394
f1 = 0.7097395175359441
acc = 0.7637467561083092
