auc = 0.8311032801325628
f1 = 0.6977545370655183
acc = 0.7594378886549479
