auc = 0.8881759091565038
f1 = 0.9492226075373769
acc = 0.9090722158249712
