auc = 0.9435568488579597
f1 = 0.985435656179555
acc = 0.971289462498551
