auc = 0.910505381795581
f1 = 0.6505517603783499
acc = 0.8978076016801557
