auc = 0.9081508700894027
f1 = 0.6302536567302353
acc = 0.8977051531605368
