auc = 0.8372493934021435
f1 = 0.707740916271722
acc = 0.7644812221514958
