auc = 0.8247073259686211
f1 = 0.6979109232371501
acc = 0.7585565294031239
