auc = 0.9437115122000115
f1 = 0.9871281859218228
acc = 0.974767185749063
