auc = 0.889572387579896
f1 = 0.9489134929020996
acc = 0.9085375884191479
