auc = 0.9009258687092077
f1 = 0.9511357391463637
acc = 0.9122388550748478
