auc = 0.8314187840579803
f1 = 0.695075874883865
acc = 0.7589482446261567
