auc = 0.839271288870104
f1 = 0.7036440257808626
acc = 0.7658522254321108
