auc = 0.9417322658412529
f1 = 0.9874427420628652
acc = 0.9754240890297152
