auc = 0.8396058611254892
f1 = 0.7030013813889239
acc = 0.7683983743818245
