auc = 0.9064772622286291
f1 = 0.605423987776929
acc = 0.8941706792336851
