auc = 0.8305282404596266
f1 = 0.6802449242668385
acc = 0.7570875973167507
