auc = 0.9090253975549994
f1 = 0.660791429065146
acc = 0.899446777994058
