auc = 0.8953224283633616
f1 = 0.9497462161049887
acc = 0.9096068432307945
