auc = 0.8870710118828564
f1 = 0.9489471638583415
acc = 0.9081674617535779
