auc = 0.8309518242246674
f1 = 0.6962410686548618
acc = 0.7606130343240464
