auc = 0.9008346751078202
f1 = 0.9514656195781207
acc = 0.9125678565553546
