auc = 0.9450128046361842
f1 = 0.9870524612165951
acc = 0.9746512616407126
