auc = 0.8317365278791548
f1 = 0.69857649033381
acc = 0.7625716104392107
