auc = 0.7678993673268354
f1 = 0.678267087777844
acc = 0.735641188855702
