auc = 0.8306828516989366
f1 = 0.6819520942743692
acc = 0.7568427753023552
