auc = 0.900462291048535
f1 = 0.951357517681953
acc = 0.9123211054449745
