auc = 0.9003362198675284
f1 = 0.9512808783165598
acc = 0.9124033558151011
