auc = 0.8757217023107126
f1 = 0.948751036961932
acc = 0.9085375884191479
