auc = 0.9408457292463588
f1 = 0.98553224857871
acc = 0.9714826693458016
