auc = 0.8605983406554094
f1 = 0.9460586586449716
acc = 0.9026566869550913
