auc = 0.9065904376063704
f1 = 0.6511142061281336
acc = 0.8973465833418707
