auc = 0.8986055813784621
f1 = 0.9501243499886954
acc = 0.9092778417502879
