auc = 0.8301726667468484
f1 = 0.7036879518804302
acc = 0.7612006071585957
