auc = 0.94673648300754
f1 = 0.9873817657629194
acc = 0.9753081649213649
