auc = 0.9118059442174618
f1 = 0.6444444444444445
acc = 0.8983710685380596
