auc = 0.9067776544588021
f1 = 0.9868561278863233
acc = 0.9742648479462113
