auc = 0.8218264353471132
f1 = 0.6801428389236066
acc = 0.7543945551583998
