auc = 0.8100534020364548
f1 = 0.6864670366530463
acc = 0.7482740047985115
