auc = 0.8155599763739692
f1 = 0.6983764281419121
acc = 0.7543945551583998
