auc = 0.9435564740463293
f1 = 0.9871148238631885
acc = 0.9747285443796128
