auc = 0.8969806376180818
f1 = 0.9503552622502242
acc = 0.9112107254482645
