auc = 0.8295241584930761
f1 = 0.7008724299920689
acc = 0.7599275326837389
