auc = 0.8772014208721005
f1 = 0.9473090121004154
acc = 0.9040138180621813
