auc = 0.9094857726199957
f1 = 0.6597127222982216
acc = 0.898063722979203
