auc = 0.8996802081218904
f1 = 0.9508181755939475
acc = 0.9113752261885179
