auc = 0.9110127716953516
f1 = 0.6597004528039011
acc = 0.899907796332343
