auc = 0.9366940746778977
f1 = 0.9868379446640316
acc = 0.9742648479462113
