auc = 0.9163516821117617
f1 = 0.9868907960003149
acc = 0.9742648479462113
