auc = 0.9140781818508926
f1 = 0.9858961533180328
acc = 0.9722168553653542
