auc = 0.900976248284237
f1 = 0.950788079014385
acc = 0.9117864780391511
