auc = 0.9430820160667824
f1 = 0.9876772018375757
acc = 0.9758491440936666
