auc = 0.942315927866538
f1 = 0.9866308045249584
acc = 0.9738784342517098
