auc = 0.8316007804575912
f1 = 0.6986460822152791
acc = 0.7591441022376733
