auc = 0.8270647870370416
f1 = 0.6806496994500575
acc = 0.7554717720217402
