auc = 0.9114448767764658
f1 = 0.6522579511509401
acc = 0.8986271898371069
