auc = 0.8961985241305787
f1 = 0.950545304890596
acc = 0.9110462247080112
