auc = 0.9118937605988578
f1 = 0.645195540612281
acc = 0.8972953590820613
