auc = 0.9421393112718494
f1 = 0.9877871016034354
acc = 0.9760423509409173
