auc = 0.9429435231693557
f1 = 0.9872907319194355
acc = 0.9751535994435643
