auc = 0.9100203062855188
f1 = 0.5577002053388089
acc = 0.8896629443704539
