auc = 0.88355587139184
f1 = 0.9486211236983637
acc = 0.9076739595328179
