auc = 0.9440453890459053
f1 = 0.9869334018621385
acc = 0.9744580547934619
