auc = 0.9126877443797897
f1 = 0.6445003594536305
acc = 0.8986784140969163
