auc = 0.8990509829686169
f1 = 0.9503559127439725
acc = 0.9110873498930745
