auc = 0.82499208975944
f1 = 0.7072394112346049
acc = 0.7613964647701121
