auc = 0.9423425394922952
f1 = 0.985435656179555
acc = 0.971289462498551
