auc = 0.9077579535814881
f1 = 0.630072463768116
acc = 0.8954000614691118
