auc = 0.9435232496725218
f1 = 0.9872458045409674
acc = 0.9750376753352139
