auc = 0.9454376803914832
f1 = 0.9875831573129084
acc = 0.9756945786158662
