auc = 0.8946586541596965
f1 = 0.9494917116952103
acc = 0.9092778417502879
