auc = 0.9311800333775112
f1 = 0.9867895423802555
acc = 0.974187565207311
