auc = 0.8079151167313342
f1 = 0.9840163203866188
acc = 0.9688164148537424
