auc = 0.9013851984105664
f1 = 0.9514923662372198
acc = 0.9129791084059878
