auc = 0.8374913216212756
f1 = 0.7021302795222263
acc = 0.7631102188708808
