auc = 0.937270079837019
f1 = 0.9850320176047263
acc = 0.9708257660651494
