auc = 0.9004380410074155
f1 = 0.9507207968746431
acc = 0.9112929758183912
