auc = 0.8996462855690954
f1 = 0.9503506956421754
acc = 0.9112107254482645
