auc = 0.9098951624541018
f1 = 0.6492497793468667
acc = 0.8982173957586312
