auc = 0.9121084931887088
f1 = 0.985705824284304
acc = 0.9720236485181035
