auc = 0.9093835444642369
f1 = 0.6270627062706271
acc = 0.8958098555475873
