auc = 0.8994490075880777
f1 = 0.9506822478871956
acc = 0.9109639743378846
