auc = 0.9101686425750158
f1 = 0.6379341698490634
acc = 0.8980124987193935
