auc = 0.8964614191963218
f1 = 0.6286873156342182
acc = 0.8968396250576244
