auc = 0.9404048436799906
f1 = 0.9869057729148973
acc = 0.9743807720545616
