auc = 0.9038096829879376
f1 = 0.9526661028958014
acc = 0.9148297417338378
