auc = 0.9078821429907619
f1 = 0.5853269537480064
acc = 0.8934535395963529
