auc = 0.9045657360159978
f1 = 0.6354574581701673
acc = 0.8950927159102551
