auc = 0.9352179593884101
f1 = 0.9870165637171971
acc = 0.974496696162912
