auc = 0.9029981546742496
f1 = 0.9522045371386755
acc = 0.9140483632176345
