auc = 0.8324270052369698
f1 = 0.9402912055911474
acc = 0.8945961506826781
