auc = 0.8250224890403361
f1 = 0.6882570765078767
acc = 0.7567938108994761
