auc = 0.8304759973257593
f1 = 0.6997557997557998
acc = 0.7591930666405523
