auc = 0.8975129542894518
f1 = 0.950124176900818
acc = 0.9099769698963646
