auc = 0.8991670149076478
f1 = 0.950750928690262
acc = 0.9111284750781379
