auc = 0.9141415297325405
f1 = 0.6602720613882107
acc = 0.9002151418911997
