auc = 0.8308992402370978
f1 = 0.7044997868842477
acc = 0.7623757528276943
