auc = 0.8364140778422208
f1 = 0.7027827481952243
acc = 0.7641384713313422
