auc = 0.8291883883803947
f1 = 0.6904582074521651
acc = 0.7591930666405523
