auc = 0.9096472894792902
f1 = 0.407434226405986
acc = 0.8742444421678107
