auc = 0.9144507713837532
f1 = 0.986232741617357
acc = 0.9730283241238069
