auc = 0.9097723855895999
f1 = 0.6452071847768095
acc = 0.8978076016801557
