auc = 0.8321945135214228
f1 = 0.7035236938031592
acc = 0.7610537139499584
