auc = 0.9099494690740503
f1 = 0.6306107431935247
acc = 0.8971416863026329
