auc = 0.9018359550673326
f1 = 0.6271702165741901
acc = 0.8932998668169245
