auc = 0.8349251947857175
f1 = 0.7054961089494163
acc = 0.7628164324536062
