auc = 0.8214361974541949
f1 = 0.941343314811801
acc = 0.8962411580852114
