auc = 0.9024708576238676
f1 = 0.9517341962535891
acc = 0.9128968580358612
