auc = 0.9067985588989176
f1 = 0.5330218730091315
acc = 0.8873578526790288
