auc = 0.9329303769191427
f1 = 0.985435656179555
acc = 0.971289462498551
