auc = 0.8921153373347801
f1 = 0.5637476176146053
acc = 0.7772256940887204
