auc = 0.927075578302219
f1 = 0.9865877712031558
acc = 0.9737238687739094
