auc = 0.8264255597426458
f1 = 0.6941864041833282
acc = 0.7565979532879596
