auc = 0.9106069609442823
f1 = 0.6538192011212334
acc = 0.8987808626165352
