auc = 0.9065907239330133
f1 = 0.6543419267299864
acc = 0.8956049585083495
