auc = 0.9074912784904554
f1 = 0.6588235294117647
acc = 0.897500256121299
