auc = 0.900884145497313
f1 = 0.9505077303082975
acc = 0.9110050995229478
