auc = 0.831354873988821
f1 = 0.6895290928575931
acc = 0.7588503158203985
