auc = 0.8789052426937436
f1 = 0.9842499354505552
acc = 0.9693573940260443
