auc = 0.7633896732040784
f1 = 0.6798963608526676
acc = 0.733829505949175
