auc = 0.8987230267571928
f1 = 0.9501784243755146
acc = 0.9104293469320612
