auc = 0.9439190507542068
f1 = 0.9872838751651125
acc = 0.975076316704664
