auc = 0.8995273197876607
f1 = 0.9507384643610678
acc = 0.9116631024839612
