auc = 0.8990408673244952
f1 = 0.9503129623307158
acc = 0.9102237210067445
