auc = 0.8352380400522578
f1 = 0.7079399661099007
acc = 0.7636977917054302
