auc = 0.8953053295631015
f1 = 0.9502235469448584
acc = 0.9107172232275045
