auc = 0.8380431004637072
f1 = 0.7037267854917113
acc = 0.7672232287127259
