auc = 0.8386182862168013
f1 = 0.6958010909552201
acc = 0.7651667237918034
