auc = 0.931454315174174
f1 = 0.9866513960744046
acc = 0.9738784342517098
