auc = 0.8952654400027088
f1 = 0.9495997088791849
acc = 0.9088665898996545
