auc = 0.8957103210447029
f1 = 0.6148050480316444
acc = 0.8952463886896834
