auc = 0.9432975059819936
f1 = 0.9873562312903733
acc = 0.9751922408130144
