auc = 0.8321133903403035
f1 = 0.6902297399646554
acc = 0.7596827106693433
