auc = 0.9026459452235291
f1 = 0.9840835119472889
acc = 0.969009621700993
