auc = 0.8994172166551543
f1 = 0.9507790449528442
acc = 0.9117864780391511
