auc = 0.8994978212451313
f1 = 0.6409942237003325
acc = 0.8949390431308267
