auc = 0.8388772473823652
f1 = 0.7025304592314902
acc = 0.7668804778925721
