auc = 0.8922518031976071
f1 = 0.949564020192749
acc = 0.9096068432307945
