auc = 0.9012698846517073
f1 = 0.9512837543803395
acc = 0.9125267313702912
