auc = 0.8997955982828953
f1 = 0.950492341356674
acc = 0.9106760980424412
