auc = 0.9113834692557723
f1 = 0.6771601901951139
acc = 0.8991394324352013
