auc = 0.9386256396428195
f1 = 0.9871640672752726
acc = 0.9748444684879632
