auc = 0.9105601274497153
f1 = 0.6375181422351234
acc = 0.8976539289007274
