auc = 0.8306002823242522
f1 = 0.697005394010788
acc = 0.7607109631298047
