auc = 0.8265639025216844
f1 = 0.6907915189952124
acc = 0.7565000244822014
