auc = 0.900027570478382
f1 = 0.9509132420091325
acc = 0.9115808521138345
