auc = 0.9087454369077332
f1 = 0.614398793818319
acc = 0.895195164429874
