auc = 0.7761251264202035
f1 = 0.6802681770893537
acc = 0.7291289232727807
