auc = 0.9164834551721006
f1 = 0.9863164300999274
acc = 0.9730669654932571
