auc = 0.9086380166955156
f1 = 0.3855185909980431
acc = 0.8713246593586723
