auc = 0.8287824949224971
f1 = 0.6908863920099876
acc = 0.7575282769426627
