auc = 0.9008757014048331
f1 = 0.6429725363489499
acc = 0.8981149472390124
