auc = 0.9029593653047587
f1 = 0.9522806856933604
acc = 0.9142539891429512
