auc = 0.8858296068950675
f1 = 0.9473126942110714
acc = 0.9058644513900312
