auc = 0.9133191328044055
f1 = 0.6555693288471756
acc = 0.900368814670628
