auc = 0.9396383806681157
f1 = 0.985435656179555
acc = 0.971289462498551
