auc = 0.8952674309933701
f1 = 0.631303437445472
acc = 0.8917631390226411
