auc = 0.8377724528854971
f1 = 0.6982181931853705
acc = 0.763648827302551
