auc = 0.8387452487797508
f1 = 0.9468452298771228
acc = 0.9050008225037013
