auc = 0.9103324023263466
f1 = 0.6129643669446551
acc = 0.8954000614691118
