auc = 0.8352257693189791
f1 = 0.7079570935094843
acc = 0.764040542525584
