auc = 0.9050385853784055
f1 = 0.6426950602199337
acc = 0.8951439401700645
