auc = 0.9061768578590554
f1 = 0.6432830585759383
acc = 0.8958098555475873
