auc = 0.9021263145065611
f1 = 0.9511569301260023
acc = 0.9123211054449745
