auc = 0.941761768871016
f1 = 0.9864977232231242
acc = 0.9736465860350091
