auc = 0.9072955646857699
f1 = 0.6389833542151423
acc = 0.8966806679643479
