auc = 0.8328063069621316
f1 = 0.6955920266616361
acc = 0.7629633256622436
