auc = 0.8379030728935118
f1 = 0.7081369007530766
acc = 0.7665866914752975
