auc = 0.9357662284868834
f1 = 0.9857521668579571
acc = 0.972178213995904
