auc = 0.8338146982933456
f1 = 0.7063969382176052
acc = 0.7633550408852764
