auc = 0.9099032889613478
f1 = 0.9865056259343772
acc = 0.9734920205572085
