auc = 0.8404464599177959
f1 = 0.7122838944494996
acc = 0.767761837144396
