auc = 0.9014774234409242
f1 = 0.9511527048619036
acc = 0.9119921039644678
