auc = 0.8929742695297791
f1 = 0.9499184076857662
acc = 0.9103882217469978
