auc = 0.8287988364228476
f1 = 0.7042304230423042
acc = 0.7586544582088821
