auc = 0.8357330180598899
f1 = 0.7118562874251496
acc = 0.7643832933457376
