auc = 0.8981377251976173
f1 = 0.9502018232119371
acc = 0.9096890936009212
