auc = 0.8250905477859849
f1 = 0.6784709792891843
acc = 0.7537090535180924
