auc = 0.8388659066927597
f1 = 0.7099620144590123
acc = 0.768202516770308
