auc = 0.8156644431643494
f1 = 0.7013002364066194
acc = 0.7525339078489938
