auc = 0.8782647163896773
f1 = 0.9863219184841607
acc = 0.9732215309710576
