auc = 0.9116360666201926
f1 = 0.6583636049126449
acc = 0.8988320868763446
