auc = 0.9121372718644752
f1 = 0.6566904471898383
acc = 0.8989345353959636
