auc = 0.8979757660764773
f1 = 0.659821578858778
acc = 0.8964757709251101
