auc = 0.8324308858252092
f1 = 0.7077445569773789
acc = 0.764040542525584
