auc = 0.8344174396335919
f1 = 0.7008578888474449
acc = 0.7643832933457376
