auc = 0.9403666128936915
f1 = 0.9872063178677196
acc = 0.9749603925963136
