auc = 0.8944309910452406
f1 = 0.9490688295799538
acc = 0.9075505839776279
