auc = 0.8317276462055435
f1 = 0.7054765506807866
acc = 0.7616902511873868
