auc = 0.8764262120970335
f1 = 0.6430006697923644
acc = 0.8907898780862616
