auc = 0.8129080566615717
f1 = 0.6997298108676073
acc = 0.7551290212015864
