auc = 0.8370735713238807
f1 = 0.7028998948865393
acc = 0.7647260441658914
