auc = 0.9069455208205282
f1 = 0.6476855895196507
acc = 0.8966806679643479
