auc = 0.9090721833284593
f1 = 0.6557029177718832
acc = 0.9002663661510091
