auc = 0.8288582764391697
f1 = 0.6902388564980253
acc = 0.7580668853743329
