auc = 0.9000183869404406
f1 = 0.9506495870401127
acc = 0.9107994735976311
