auc = 0.9087375056597232
f1 = 0.6458148213968367
acc = 0.8979100501997747
