auc = 0.9061052571098722
f1 = 0.6575159022430533
acc = 0.895195164429874
