auc = 0.9123803536401278
f1 = 0.6560140474100088
acc = 0.8996516750332958
