auc = 0.8319736208450542
f1 = 0.6912604303908652
acc = 0.759046173431915
