auc = 0.826329921063152
f1 = 0.6889469753547423
acc = 0.7552759144102238
