auc = 0.8988003075278057
f1 = 0.9503375230129327
acc = 0.9101414706366179
