auc = 0.8211242767206173
f1 = 0.6971685502491188
acc = 0.7559614160505312
