auc = 0.8981493536042284
f1 = 0.9491601950514719
acc = 0.9073860832373746
