auc = 0.9397972740271391
f1 = 0.9870334918786634
acc = 0.9746126202712624
