auc = 0.9311498610412652
f1 = 0.9870589623569209
acc = 0.9745739789018123
