auc = 0.938004657088052
f1 = 0.9868584866509891
acc = 0.9743034893156614
