auc = 0.8937216679786788
f1 = 0.6433176511587384
acc = 0.8951439401700645
