auc = 0.8321753283273285
f1 = 0.6996169529222784
acc = 0.7619350732017823
