auc = 0.8965607314240254
f1 = 0.9497160840117672
acc = 0.9093189669353512
