auc = 0.894429348399103
f1 = 0.9510738224431171
acc = 0.9117453528540879
