auc = 0.9054241528358173
f1 = 0.6484429065743944
acc = 0.8959123040672062
