auc = 0.8244977593738421
f1 = 0.7060015495559925
acc = 0.7584586005973657
