auc = 0.8296036553151023
f1 = 0.7041603401153963
acc = 0.7614943935758703
