auc = 0.9349996316137119
f1 = 0.985435656179555
acc = 0.971289462498551
