auc = 0.9018694693866711
f1 = 0.9866282739034395
acc = 0.9738011515128097
