auc = 0.8381554994066711
f1 = 0.7028278278278277
acc = 0.7674190863242423
