auc = 0.8364964232273295
f1 = 0.705281928303511
acc = 0.7653136170004406
