auc = 0.9308741603148589
f1 = 0.9867593902247369
acc = 0.9739557169906101
