auc = 0.9370202411131091
f1 = 0.9873846214402394
acc = 0.9752308821824646
