auc = 0.9448274335127003
f1 = 0.987196938312521
acc = 0.9749217512268635
