auc = 0.8302329978521347
f1 = 0.703196907406271
acc = 0.76315918327376
