auc = 0.8359543489767328
f1 = 0.6934781236189154
acc = 0.762277824021936
