auc = 0.9245730681351858
f1 = 0.9869099093762955
acc = 0.9743807720545616
