auc = 0.9014363343668406
f1 = 0.9512094745987472
acc = 0.9122388550748478
