auc = 0.8994384411712952
f1 = 0.9513091515054671
acc = 0.9122799802599112
