auc = 0.8989864384357314
f1 = 0.9501154316237381
acc = 0.9093600921204146
