auc = 0.8301557798805745
f1 = 0.694415108405293
acc = 0.7591441022376733
