auc = 0.9436276079393242
f1 = 0.9875822919541136
acc = 0.975655937246416
