auc = 0.82647844075987
f1 = 0.6836715221678011
acc = 0.7565000244822014
