auc = 0.900615080059975
f1 = 0.9515293902967542
acc = 0.9126089817404178
