auc = 0.9021889413455837
f1 = 0.951586128482092
acc = 0.9124444810001645
