auc = 0.859107956354449
f1 = 0.9476242891212621
acc = 0.9060700773153479
