auc = 0.9172776542446239
f1 = 0.9871422646204895
acc = 0.9748444684879632
