auc = 0.8986999380286913
f1 = 0.9503009301477294
acc = 0.9103470965619346
