auc = 0.9464108252452554
f1 = 0.9872022751510843
acc = 0.9749603925963136
