auc = 0.9329837340319537
f1 = 0.9869237150871094
acc = 0.9744194134240117
