auc = 0.8944120127521906
f1 = 0.9482945754335729
acc = 0.9079207106431979
