auc = 0.9374009426405414
f1 = 0.9876445898279701
acc = 0.9757718613547665
