auc = 0.9308384728931945
f1 = 0.9867324777887462
acc = 0.9740329997295104
