auc = 0.8975311838414718
f1 = 0.9507047095221726
acc = 0.9115397269287712
