auc = 0.9204773140441703
f1 = 0.9866503174257856
acc = 0.97391707562116
