auc = 0.8093194904529313
f1 = 0.698686856737253
acc = 0.7505753317338295
