auc = 0.9053323851467483
f1 = 0.6346119214838826
acc = 0.8960659768466346
