auc = 0.912937287593352
f1 = 0.6526690391459075
acc = 0.9000102448519619
