auc = 0.9100467437788856
f1 = 0.6502828854314003
acc = 0.8986784140969163
