auc = 0.8289613992920954
f1 = 0.6908703285678456
acc = 0.7586054938060031
