auc = 0.9207639378523764
f1 = 0.9855284778175916
acc = 0.9717531589319526
