auc = 0.9111007407842906
f1 = 0.6199289586838661
acc = 0.8958610798073968
