auc = 0.9015510827498197
f1 = 0.9508510929585178
acc = 0.9114163513735812
