auc = 0.9404377467866862
f1 = 0.9872073281478264
acc = 0.9749603925963136
