auc = 0.9434467880999237
f1 = 0.9877697557896399
acc = 0.9760423509409173
