auc = 0.9057815743842258
f1 = 0.6351326954323885
acc = 0.8964757709251101
