auc = 0.8352032048038946
f1 = 0.7067742131117714
acc = 0.7632571120795182
