auc = 0.8357764428215481
f1 = 0.7030168150346193
acc = 0.7647750085687705
