auc = 0.9006132616889018
f1 = 0.9509206653432816
acc = 0.9115397269287712
