auc = 0.8280356162902749
f1 = 0.6948953768285909
acc = 0.7579689565685747
