auc = 0.8323453266766229
f1 = 0.6993986733618498
acc = 0.7625716104392107
