auc = 0.8377409531340768
f1 = 0.6991657327854565
acc = 0.7634040052881556
