auc = 0.88470214011986
f1 = 0.6505538771399797
acc = 0.8933510910767339
