auc = 0.8135791440384444
f1 = 0.6856335258694851
acc = 0.7494981148704891
