auc = 0.912450427313882
f1 = 0.6588850174216029
acc = 0.8997028992931052
