auc = 0.9440507970422864
f1 = 0.9873837588106379
acc = 0.9753081649213649
