auc = 0.9399100923278844
f1 = 0.985435656179555
acc = 0.971289462498551
