auc = 0.9392832198760681
f1 = 0.9867567886194837
acc = 0.9739557169906101
