auc = 0.840227529584884
f1 = 0.7043954675631926
acc = 0.7675170151300005
