auc = 0.9450076108178777
f1 = 0.9873367785711467
acc = 0.9751922408130144
