auc = 0.9080681884991366
f1 = 0.657152682255846
acc = 0.8978588259399651
