auc = 0.8226046530425818
f1 = 0.7025650354738949
acc = 0.7598296038779807
