auc = 0.8790773838829489
f1 = 0.9496654985664225
acc = 0.9090310906399078
