auc = 0.9062569625095347
f1 = 0.653707207982109
acc = 0.8968855650035857
