auc = 0.9084503009483902
f1 = 0.6276398666172657
acc = 0.8970392377830141
