auc = 0.8322295143272984
f1 = 0.6962001622262433
acc = 0.7615923223816286
