auc = 0.9435037326954825
f1 = 0.9872419300771006
acc = 0.9749990339657637
