auc = 0.9139276723629125
f1 = 0.6599824098504837
acc = 0.9009835057883414
