auc = 0.8969826546347345
f1 = 0.9494811578372474
acc = 0.9087020891594012
