auc = 0.9022528135395849
f1 = 0.9511931831231769
acc = 0.9126089817404178
