auc = 0.8901569108180313
f1 = 0.6412424503882658
acc = 0.8935047638561623
