auc = 0.8325110594853011
f1 = 0.6975476839237058
acc = 0.7608578563384419
