auc = 0.910340782152764
f1 = 0.6452423698384202
acc = 0.8987808626165352
