auc = 0.8544557445986432
f1 = 0.9866867422141216
acc = 0.9740329997295104
