auc = 0.9142371151101822
f1 = 0.6672428694900606
acc = 0.9013932998668169
