auc = 0.9077239761531902
f1 = 0.6330224904004389
acc = 0.8971929105624423
