auc = 0.8592650162458466
f1 = 0.9457260722269594
acc = 0.9031501891758513
