auc = 0.8937414913265934
f1 = 0.6110288675055514
acc = 0.892326605880545
