auc = 0.8984460307771069
f1 = 0.932338090010977
acc = 0.8732521796348084
