auc = 0.899262762076933
f1 = 0.9504773679510955
acc = 0.9110462247080112
