auc = 0.912328242191109
f1 = 0.6671202585473719
acc = 0.8997541235529146
