auc = 0.8691687513756206
f1 = 0.9477236724292307
acc = 0.9063579536107913
