auc = 0.9099390276958036
f1 = 0.646664313448641
acc = 0.8974490318614896
