auc = 0.8910669523315768
f1 = 0.6439924799179627
acc = 0.8932998668169245
