auc = 0.8982456957470186
f1 = 0.653282122905028
acc = 0.8982686200184408
