auc = 0.9121862337204215
f1 = 0.6368817797389226
acc = 0.8988320868763446
