auc = 0.9054940451693642
f1 = 0.6572656921754083
acc = 0.8979100501997747
