auc = 0.8305685877992877
f1 = 0.6789677419354839
acc = 0.7563531312735641
