auc = 0.8918257370238676
f1 = 0.6304654442877292
acc = 0.8926339514394017
