auc = 0.8947501634178708
f1 = 0.9857578035368121
acc = 0.972178213995904
