auc = 0.9005330547160997
f1 = 0.9517756668716827
acc = 0.9129379832209245
