auc = 0.8376292845919031
f1 = 0.6976976976976976
acc = 0.7634040052881556
