auc = 0.9243758904453447
f1 = 0.9858559519576469
acc = 0.9723327794737046
