auc = 0.8320936500416085
f1 = 0.6994971176254139
acc = 0.7600744258923763
