auc = 0.833986654116758
f1 = 0.7002242711188637
acc = 0.7643832933457376
