auc = 0.839177442107216
f1 = 0.710390477925548
acc = 0.7664887626695392
