auc = 0.8363947368292912
f1 = 0.7020958083832335
acc = 0.7661460118493855
