auc = 0.9406896737468228
f1 = 0.9871498786048439
acc = 0.9748444684879632
