auc = 0.8275522565245486
f1 = 0.6978100378435387
acc = 0.7614943935758703
