auc = 0.8963530474707315
f1 = 0.9497239569191782
acc = 0.9086198387892745
