auc = 0.9111106763188013
f1 = 0.6474666666666667
acc = 0.8984222927978691
