auc = 0.901366563927173
f1 = 0.9509052207548464
acc = 0.9117864780391511
