auc = 0.913021025647396
f1 = 0.985435656179555
acc = 0.971289462498551
