auc = 0.938564197307696
f1 = 0.9865944321417273
acc = 0.9738011515128097
