auc = 0.9386736423037678
f1 = 0.9875846278349091
acc = 0.9756945786158662
