auc = 0.9423785214088121
f1 = 0.9871342724854694
acc = 0.974767185749063
