auc = 0.891397955735286
f1 = 0.9508997898967754
acc = 0.9115808521138345
