auc = 0.939857377749297
f1 = 0.9870206956590559
acc = 0.9746512616407126
