auc = 0.8173156017991232
f1 = 0.6940043870338776
acc = 0.7541007687411252
