auc = 0.9463941728999627
f1 = 0.9872022751510843
acc = 0.9749603925963136
