auc = 0.9432425157613645
f1 = 0.9873937146126379
acc = 0.9753081649213649
