auc = 0.9009991536475883
f1 = 0.9508384758321672
acc = 0.9118687284092778
