auc = 0.8363964313591249
f1 = 0.7034185401909456
acc = 0.7642364001371004
