auc = 0.8573988938313948
f1 = 0.9471170405749845
acc = 0.9052886987991446
