auc = 0.9097124287905639
f1 = 0.6394065496652795
acc = 0.8979100501997747
