auc = 0.9407276368105286
f1 = 0.9855316813048934
acc = 0.9714826693458016
