auc = 0.9053484576156398
f1 = 0.6411283301410412
acc = 0.8944268005327323
