auc = 0.9483041508328423
f1 = 0.9876665022200296
acc = 0.9758500772797527
