auc = 0.9444074838531149
f1 = 0.9875335332176108
acc = 0.9755786545075158
