auc = 0.8413890286375121
f1 = 0.7170626349892009
acc = 0.7690951821386603
