auc = 0.9368164774474771
f1 = 0.9876431109356494
acc = 0.9758105027242165
