auc = 0.933254053534238
f1 = 0.987353278267399
acc = 0.9752695235519147
