auc = 0.9061487596711596
f1 = 0.6499385857167924
acc = 0.8978076016801557
