auc = 0.9051164185041838
f1 = 0.6520566419420095
acc = 0.8942731277533039
