auc = 0.9361537837126999
f1 = 0.986589699789912
acc = 0.973607944665559
