auc = 0.9036310513227146
f1 = 0.6206505295007565
acc = 0.8972441348222518
