auc = 0.9508735487072147
f1 = 0.9876665217219432
acc = 0.9758887171561051
