auc = 0.8114031437423886
f1 = 0.6987608940534772
acc = 0.7512118689712579
