auc = 0.8316385227011001
f1 = 0.7004881665945746
acc = 0.7626695392449689
