auc = 0.9011664667069703
f1 = 0.9512305670126456
acc = 0.9114986017437079
