auc = 0.8301207790746992
f1 = 0.7016770718570204
acc = 0.761347500367233
