auc = 0.9096065929191038
f1 = 0.5774225774225775
acc = 0.8916606905030222
