auc = 0.9398076081192337
f1 = 0.9855896480737184
acc = 0.971598593454152
