auc = 0.8989657410943978
f1 = 0.9501922641936213
acc = 0.9094423424905412
