auc = 0.8311229717378719
f1 = 0.7006314756912513
acc = 0.7609068207413211
