auc = 0.9137354517432712
f1 = 0.6489208633093525
acc = 0.9000102448519619
