auc = 0.8984010451935807
f1 = 0.9504747592048637
acc = 0.9105527224872512
