auc = 0.9100327614944875
f1 = 0.6623287671232876
acc = 0.898985759655773
