auc = 0.9396080744705734
f1 = 0.9865444271008279
acc = 0.9736852274044592
