auc = 0.8178365750599569
f1 = 0.6133725682524112
acc = 0.8788546255506607
