auc = 0.9020354035931133
f1 = 0.9519650655021834
acc = 0.9135959861819378
