auc = 0.8986149998511102
f1 = 0.6361270171785528
acc = 0.8925827271795923
