auc = 0.898799192056475
f1 = 0.9508481948673336
acc = 0.9117042276690245
