auc = 0.8303818632718936
f1 = 0.6911238143099441
acc = 0.7592420310434315
