auc = 0.8294594644604019
f1 = 0.7088953592013786
acc = 0.7601233902952553
