auc = 0.9412894526722142
f1 = 0.985435656179555
acc = 0.971289462498551
