auc = 0.9423606107673315
f1 = 0.9858182460132204
acc = 0.9720622898875536
