auc = 0.9004779382080225
f1 = 0.9513057361158627
acc = 0.9121977298897845
