auc = 0.8763743869746574
f1 = 0.6373550285615371
acc = 0.8926851756992111
