auc = 0.8360403658431479
f1 = 0.6888531962736909
acc = 0.7628653968564854
