auc = 0.9385247082252092
f1 = 0.985435656179555
acc = 0.971289462498551
