auc = 0.9424001266220776
f1 = 0.985435656179555
acc = 0.971289462498551
