auc = 0.8446828797521295
f1 = 0.9448927196038877
acc = 0.9011350551077479
