auc = 0.902915816081576
f1 = 0.9517890600009139
acc = 0.9132258595163678
