auc = 0.9004198343760392
f1 = 0.9505508348411625
acc = 0.9112107254482645
