auc = 0.9020976637018355
f1 = 0.9516604575686238
acc = 0.9130202335910511
