auc = 0.9104534135098836
f1 = 0.6468916518650089
acc = 0.8981661714988218
