auc = 0.837501975734138
f1 = 0.7000062433664231
acc = 0.7647260441658914
