auc = 0.9394823251685795
f1 = 0.986618630983016
acc = 0.9738784342517098
