auc = 0.8858383743712803
f1 = 0.9850846652951417
acc = 0.9708644074345995
