auc = 0.9081055350376004
f1 = 0.6361041740991795
acc = 0.8955025099887307
