auc = 0.8999431155462659
f1 = 0.9503923638199256
acc = 0.9110873498930745
