auc = 0.8858718190806965
f1 = 0.9477557027225901
acc = 0.9065635795361079
