auc = 0.8934301382139268
f1 = 0.9491835940183663
acc = 0.9087432143444646
