auc = 0.9120800160801042
f1 = 0.6073278342605026
acc = 0.8951439401700645
