auc = 0.9137208586287017
f1 = 0.6446460980036298
acc = 0.8997028992931052
