auc = 0.8241750001339069
f1 = 0.7092139136682032
acc = 0.7621798952161778
