auc = 0.9106479438311115
f1 = 0.6602209944751382
acc = 0.8991906566950107
