auc = 0.8269513704023096
f1 = 0.6931318511178548
acc = 0.7573813837340254
