auc = 0.8369100832802981
f1 = 0.7135516252390057
acc = 0.7652646525975616
