auc = 0.9398193343688128
f1 = 0.9871068375224593
acc = 0.974767185749063
