auc = 0.9079969408861466
f1 = 0.6350009030160737
acc = 0.8964757709251101
