auc = 0.8988901564514248
f1 = 0.9513655413807397
acc = 0.9131436091462412
