auc = 0.832374401497419
f1 = 0.7022994129158513
acc = 0.7616412867845077
