auc = 0.9004326546561271
f1 = 0.950545304890596
acc = 0.9110462247080112
