auc = 0.8980719811510405
f1 = 0.9458092808878149
acc = 0.900394801776608
