auc = 0.9091210688306343
f1 = 0.5919247353978833
acc = 0.8933510910767339
