auc = 0.9099002781567894
f1 = 0.6155584855905067
acc = 0.8954512857289212
