auc = 0.9065300035962627
f1 = 0.5798136030140789
acc = 0.8914557934637845
