auc = 0.817168995752476
f1 = 0.6905818540433925
acc = 0.7541986975468834
