auc = 0.946409433087771
f1 = 0.9872022751510843
acc = 0.9749603925963136
