auc = 0.8306140382058046
f1 = 0.6925948973242068
acc = 0.7581158497772119
