auc = 0.9437444420789666
f1 = 0.9872453009003317
acc = 0.9750376753352139
