auc = 0.8708390057822712
f1 = 0.6200100217137131
acc = 0.8834648089335109
