auc = 0.8935133271690388
f1 = 0.6322400558269365
acc = 0.8920192603216883
