auc = 0.831802887225631
f1 = 0.7013414634146341
acc = 0.7601723546981345
