auc = 0.8359142353653246
f1 = 0.7061704211557298
acc = 0.764970866180287
