auc = 0.9067716537387005
f1 = 0.6431949553336835
acc = 0.895656182768159
