auc = 0.8263524174074959
f1 = 0.7051763850163657
acc = 0.7618371443960241
