auc = 0.8290445724647666
f1 = 0.7003777263311807
acc = 0.7591930666405523
