auc = 0.8799590722872486
f1 = 0.9465680514273865
acc = 0.9046306958381313
