auc = 0.8992876462558639
f1 = 0.9504296100462656
acc = 0.9105527224872512
