auc = 0.8737010794767517
f1 = 0.9476831091180867
acc = 0.9050008225037013
