auc = 0.9121776439211327
f1 = 0.6656431252132378
acc = 0.8996004507734863
