auc = 0.8939223131978229
f1 = 0.9496822155427574
acc = 0.9098124691561112
