auc = 0.831894455138053
f1 = 0.7002088708686571
acc = 0.7610537139499584
