auc = 0.9459651742167293
f1 = 0.9874876652851785
acc = 0.9755013717686155
