auc = 0.9097617628711462
f1 = 0.5907741041377944
acc = 0.8941194549738757
