auc = 0.9400979532714844
f1 = 0.987208338268388
acc = 0.9749603925963136
