auc = 0.9020844996120909
f1 = 0.9518535469107552
acc = 0.9134726106267478
