auc = 0.8988383863573395
f1 = 0.9504373177842566
acc = 0.9105115973021879
