auc = 0.9314230451752963
f1 = 0.9872565046975637
acc = 0.9749990339657637
