auc = 0.8682016759330246
f1 = 0.9492420762517224
acc = 0.9091133410100345
