auc = 0.9417536568764442
f1 = 0.9853958794817009
acc = 0.9712121797596507
