auc = 0.9146625667271792
f1 = 0.9858223436695576
acc = 0.9723327794737046
