auc = 0.8409205435934843
f1 = 0.7095585978267542
acc = 0.7683494099789453
