auc = 0.9427121037598531
f1 = 0.987498521118429
acc = 0.9755013717686155
