auc = 0.9052297847663536
f1 = 0.6329978432782171
acc = 0.8954000614691118
