auc = 0.8290606851062027
f1 = 0.6961176398203408
acc = 0.7581648141800911
