auc = 0.8804410093835894
f1 = 0.9481508672111589
acc = 0.9070570817568679
