auc = 0.8790364399729426
f1 = 0.9478552065061393
acc = 0.9058644513900312
