auc = 0.878890332675542
f1 = 0.9508856864918671
acc = 0.9107208948472262
