auc = 0.9215880415385524
f1 = 0.9858653046680128
acc = 0.9724100622126048
