auc = 0.9115211637383723
f1 = 0.6381140903365126
acc = 0.8969880135232046
