auc = 0.9059211204457839
f1 = 0.6540969162995596
acc = 0.899446777994058
