auc = 0.8993252748118874
f1 = 0.986482238289846
acc = 0.9734147378183082
