auc = 0.9008760163089853
f1 = 0.9519230769230769
acc = 0.9136371113670011
