auc = 0.8185920648284264
f1 = 0.693357820630548
acc = 0.7547373059785536
