auc = 0.8304420482970218
f1 = 0.6875792141951838
acc = 0.7586054938060031
