auc = 0.9109549718903592
f1 = 0.6417400683084666
acc = 0.8979100501997747
