auc = 0.8307846354837468
f1 = 0.7020318773573428
acc = 0.7601723546981345
