auc = 0.9112173329933045
f1 = 0.6579497907949791
acc = 0.8994980022538674
