auc = 0.8889830672674444
f1 = 0.9490333111106003
acc = 0.9088254647145912
