auc = 0.9109053419389125
f1 = 0.6586930143872421
acc = 0.8991394324352013
