auc = 0.9116261501741247
f1 = 0.6594405594405595
acc = 0.9002151418911997
