auc = 0.9095113702218764
f1 = 0.6433666191155492
acc = 0.8975514803811085
