auc = 0.8402468998138453
f1 = 0.7076563269325455
acc = 0.7674190863242423
