auc = 0.8323859418299072
f1 = 0.6950734013436178
acc = 0.7599764970866181
