auc = 0.9047095578887571
f1 = 0.6436170212765958
acc = 0.8970392377830141
