auc = 0.8702273896490307
f1 = 0.9856964805032941
acc = 0.9720622898875536
