auc = 0.9071991301371684
f1 = 0.9854441895419667
acc = 0.9715599520847019
