auc = 0.900821770785372
f1 = 0.9510043090672808
acc = 0.9116219772988978
