auc = 0.8886274611194065
f1 = 0.9444220700765203
acc = 0.8978450403026813
