auc = 0.885141632428363
f1 = 0.6539564703897418
acc = 0.8949390431308267
