auc = 0.9006524330691225
f1 = 0.9514820485865119
acc = 0.9126912321105445
