auc = 0.9126281120842823
f1 = 0.6610576923076923
acc = 0.898883311136154
