auc = 0.8978926347536738
f1 = 0.9503149373536167
acc = 0.9101414706366179
