auc = 0.87260182132751
f1 = 0.9851454793599304
acc = 0.9709803315429499
