auc = 0.8975023955128836
f1 = 0.9505602561170821
acc = 0.9110873498930745
