auc = 0.942760641865988
f1 = 0.9864977232231242
acc = 0.9736465860350091
