auc = 0.8296777958646655
f1 = 0.6978204654599187
acc = 0.7596827106693433
