auc = 0.9423928713398038
f1 = 0.9873097949436538
acc = 0.9751535994435643
