auc = 0.9084532596570343
f1 = 0.6441393875395987
acc = 0.8964245466653007
