auc = 0.9068905079281938
f1 = 0.6358156028368794
acc = 0.8947853703513984
