auc = 0.9020385055202385
f1 = 0.9511217030637731
acc = 0.9122799802599112
