auc = 0.9103786536234065
f1 = 0.6550877192982456
acc = 0.8992931052146297
