auc = 0.9004763948846746
f1 = 0.9519054598754122
acc = 0.9136371113670011
