auc = 0.8222276834559838
f1 = 0.7039610428172695
acc = 0.7559124516476522
