auc = 0.9007505869060046
f1 = 0.9503808090482054
acc = 0.9105115973021879
