auc = 0.8764347923521009
f1 = 0.6385687252709444
acc = 0.8923778301403544
