auc = 0.8302708666984472
f1 = 0.6974258155679793
acc = 0.7588503158203985
