auc = 0.9457081605273238
f1 = 0.9872763497918844
acc = 0.975076316704664
