auc = 0.9106144722465493
f1 = 0.6464431435160547
acc = 0.8979100501997747
