auc = 0.9398987141176762
f1 = 0.9866766673904033
acc = 0.97391707562116
