auc = 0.8352295678400483
f1 = 0.9834576324976197
acc = 0.9677730978785888
