auc = 0.8302313617543643
f1 = 0.70263671875
acc = 0.7614454291729912
