auc = 0.8377385233341141
f1 = 0.7071139953471287
acc = 0.7657542966263526
