auc = 0.9438703520145162
f1 = 0.9871325699445166
acc = 0.9747285443796128
