auc = 0.9391863846141325
f1 = 0.9872598903482822
acc = 0.9750376753352139
