auc = 0.9330624980188529
f1 = 0.9871208973826341
acc = 0.9748444684879632
