auc = 0.8238616533254903
f1 = 0.6835123183828173
acc = 0.7546883415756744
