auc = 0.8575266833754123
f1 = 0.9844393411466583
acc = 0.9696278836121952
