auc = 0.9067180915680241
f1 = 0.6521216285861535
acc = 0.8962708738858723
