auc = 0.8349117261951426
f1 = 0.7112574850299401
acc = 0.7638936493169466
