auc = 0.9432043920641026
f1 = 0.9868926464182474
acc = 0.9744194134240117
