auc = 0.9424228562702345
f1 = 0.985435656179555
acc = 0.971289462498551
