auc = 0.8774252152985471
f1 = 0.6552343622407316
acc = 0.89186558754226
