auc = 0.8649747472571171
f1 = 0.9472277889111557
acc = 0.9057822010199046
