auc = 0.9078921739674871
f1 = 0.6458151319238161
acc = 0.8961684253662534
