auc = 0.8929578125075448
f1 = 0.9492091830895649
acc = 0.9087432143444646
