auc = 0.9091782196285695
f1 = 0.6286345233713655
acc = 0.8966294437045385
