auc = 0.9088112443145073
f1 = 0.6322344322344322
acc = 0.8971416863026329
