auc = 0.8297596250998823
f1 = 0.6989398860224277
acc = 0.7594378886549479
