auc = 0.8231635605967277
f1 = 0.7011841469308845
acc = 0.7578220633599373
