auc = 0.9435434627283033
f1 = 0.9873672178317336
acc = 0.9752308821824646
