auc = 0.8985600227788413
f1 = 0.932338090010977
acc = 0.8732521796348084
