auc = 0.8762353615780454
f1 = 0.9479829904608665
acc = 0.9069337062016779
