auc = 0.8818988845714546
f1 = 0.9481369240305806
acc = 0.9070982069419312
