auc = 0.9437435585944093
f1 = 0.9870539943163877
acc = 0.9746512616407126
