auc = 0.8965327529581841
f1 = 0.949086457813846
acc = 0.9076328343477545
