auc = 0.896805653783248
f1 = 0.9497833523375143
acc = 0.9094423424905412
