auc = 0.8936984182552705
f1 = 0.6668909825033646
acc = 0.8985759655772974
