auc = 0.894212899511565
f1 = 0.6259541984732825
acc = 0.8920704845814978
