auc = 0.9124370367712129
f1 = 0.6434094587304442
acc = 0.8984222927978691
