auc = 0.9108905197630285
f1 = 0.6461372231226363
acc = 0.8993443294744391
