auc = 0.9416964981028106
f1 = 0.9877584813420331
acc = 0.9760037095714672
