auc = 0.8628380695634815
f1 = 0.9468512523819362
acc = 0.9047951965783846
