auc = 0.9155577507618313
f1 = 0.9867971818199759
acc = 0.9741489238378608
