auc = 0.8265767770529496
f1 = 0.6860362071148245
acc = 0.7571365617196298
