auc = 0.9020852025118337
f1 = 0.951328452364507
acc = 0.9130613587761145
