auc = 0.9414655338217165
f1 = 0.9860459639275411
acc = 0.9725259863209552
