auc = 0.9001744765245849
f1 = 0.9512301178624557
acc = 0.9123622306300379
