auc = 0.9028871881974943
f1 = 0.9520285087719299
acc = 0.9136371113670011
