auc = 0.9361467693807597
f1 = 0.9861591012300828
acc = 0.9729124000154565
