auc = 0.8778471748722791
f1 = 0.6182933060807358
acc = 0.8852064337670321
