auc = 0.9414304621620162
f1 = 0.9872019877344167
acc = 0.9749217512268635
