auc = 0.8290984809124362
f1 = 0.6910498065160404
acc = 0.7576262057484209
