auc = 0.8297730060423623
f1 = 0.6960183293083163
acc = 0.7596337462664643
