auc = 0.8314715092563691
f1 = 0.705378161405203
acc = 0.7610047495470793
