auc = 0.8652600557906807
f1 = 0.9454352490598252
acc = 0.9027389373252179
