auc = 0.8789357028708256
f1 = 0.6373809921496576
acc = 0.8887921319536932
