auc = 0.9124688953823531
f1 = 0.6531547409235107
acc = 0.8991906566950107
