auc = 0.8163626673652544
f1 = 0.6986873147419999
acc = 0.7561083092591686
