auc = 0.9093649045997801
f1 = 0.6229205175600738
acc = 0.8955025099887307
