auc = 0.9038749793318157
f1 = 0.9846580223695931
acc = 0.9700529386761467
