auc = 0.9139259639472761
f1 = 0.6544418728858822
acc = 0.9005737117098658
