auc = 0.9429938014723457
f1 = 0.9872432859399685
acc = 0.9750376753352139
