auc = 0.8718285392820411
f1 = 0.9459148446490218
acc = 0.9014229314031913
