auc = 0.9003297638861969
f1 = 0.9513976328380761
acc = 0.9126912321105445
