auc = 0.9117994255142234
f1 = 0.6506153023006955
acc = 0.8996516750332958
