auc = 0.9450536858761555
f1 = 0.9873372781065088
acc = 0.9751922408130144
