auc = 0.928376977827429
f1 = 0.9859481100600542
acc = 0.9723327794737046
