auc = 0.8996450096532583
f1 = 0.9489530013959981
acc = 0.9097713439710479
