auc = 0.9008163156721523
f1 = 0.9507866352165251
acc = 0.9116219772988978
