auc = 0.9008171666947903
f1 = 0.6424433912585571
acc = 0.895656182768159
