auc = 0.9062477427916314
f1 = 0.6276320650166236
acc = 0.8967318922241574
