auc = 0.9295405805339545
f1 = 0.9871117767617846
acc = 0.9747285443796128
