auc = 0.9094020507095938
f1 = 0.6468611847922193
acc = 0.8977051531605368
