auc = 0.8992147051271402
f1 = 0.9513773002628872
acc = 0.9125267313702912
