auc = 0.876718994802026
f1 = 0.9470518001469507
acc = 0.9051653232439546
