auc = 0.8376118426210286
f1 = 0.7139091889301545
acc = 0.7661460118493855
