auc = 0.9252854511832482
f1 = 0.9864691358024692
acc = 0.9735306619266587
