auc = 0.9046537241933796
f1 = 0.6413973799126637
acc = 0.8948365946112079
