auc = 0.9339001752405005
f1 = 0.9876129896216941
acc = 0.9756945786158662
