auc = 0.8945501478320403
f1 = 0.9502595650284722
acc = 0.9105527224872512
