auc = 0.8266278174601822
f1 = 0.6981387895969431
acc = 0.7601723546981345
