auc = 0.7954081103139414
f1 = 0.9410649902930571
acc = 0.8951307780885014
