auc = 0.8319529845880564
f1 = 0.7011459035480114
acc = 0.7612006071585957
