auc = 0.9061514034204963
f1 = 0.6247207743857036
acc = 0.8967318922241574
