auc = 0.9410175803788896
f1 = 0.9869026688528476
acc = 0.9743807720545616
