auc = 0.8959202063933682
f1 = 0.9519890884291885
acc = 0.9131436091462412
