auc = 0.9439352747433503
f1 = 0.9874734105412433
acc = 0.9754240890297152
