auc = 0.9437659937477136
f1 = 0.9876197057952414
acc = 0.9757718613547665
