auc = 0.9140374404536025
f1 = 0.6604240282685512
acc = 0.9015469726462453
