auc = 0.8978398714316913
f1 = 0.9499693132998432
acc = 0.9094834676756045
