auc = 0.9059852098927001
f1 = 0.6382289416846652
acc = 0.8970392377830141
