auc = 0.8273161228183536
f1 = 0.6885615794421811
acc = 0.7566958820937179
