auc = 0.9117884687480196
f1 = 0.6297918948521358
acc = 0.896117201106444
