auc = 0.910089673686887
f1 = 0.6491196869998223
acc = 0.8989345353959636
