auc = 0.8371754671034788
f1 = 0.7027798461156615
acc = 0.765460510209078
