auc = 0.9035738718921152
f1 = 0.6527871054398925
acc = 0.8940682307140662
