auc = 0.8967275784303174
f1 = 0.9507134486799477
acc = 0.9117864780391511
