auc = 0.8949244689404311
f1 = 0.648409593468277
acc = 0.8941194549738757
