auc = 0.8841052715830409
f1 = 0.9481590371408227
acc = 0.9071804573120579
