auc = 0.8907420433124378
f1 = 0.9494308382200759
acc = 0.9095657180457312
