auc = 0.899855688570673
f1 = 0.9509855303634499
acc = 0.9115397269287712
