auc = 0.8991868718253762
f1 = 0.9508527416101228
acc = 0.9118276032242145
