auc = 0.9398669354458715
f1 = 0.985435656179555
acc = 0.971289462498551
