auc = 0.8363334269869458
f1 = 0.6983229696627096
acc = 0.7648239729716496
