auc = 0.8340067157918007
f1 = 0.7020805121260618
acc = 0.7630122900651226
