auc = 0.9007689421230873
f1 = 0.9859805702551141
acc = 0.9725646276904053
