auc = 0.9005900507169669
f1 = 0.9508099203807084
acc = 0.9115808521138345
