auc = 0.8787496764508935
f1 = 0.6371897937783991
acc = 0.8936584366355906
