auc = 0.9364988781352458
f1 = 0.9872723326163743
acc = 0.975076316704664
