auc = 0.9446400009252492
f1 = 0.9870664082585137
acc = 0.9747285443796128
