auc = 0.9020870475381086
f1 = 0.9848340856893957
acc = 0.9704007110011978
