auc = 0.8245484297113408
f1 = 0.6941351150705272
acc = 0.7579199921656955
