auc = 0.8273974894664032
f1 = 0.6999389871873094
acc = 0.7591930666405523
