auc = 0.8982351455738984
f1 = 0.9502686635417857
acc = 0.9105527224872512
