auc = 0.8286852688386189
f1 = 0.6895815005655397
acc = 0.7581158497772119
