auc = 0.896638241401076
f1 = 0.9503353854635671
acc = 0.9110873498930745
