auc = 0.9110272216465995
f1 = 0.6606271777003484
acc = 0.9002151418911997
