auc = 0.8368453551622538
f1 = 0.7169922334666979
acc = 0.7644812221514958
