auc = 0.9386271656616004
f1 = 0.9867216656845413
acc = 0.9738784342517098
