auc = 0.8320774594907547
f1 = 0.7008179078777443
acc = 0.761788179993145
