auc = 0.920404252548505
f1 = 0.9846489488298295
acc = 0.9700915800455968
