auc = 0.9080946259925036
f1 = 0.6596385542168673
acc = 0.8958098555475873
