auc = 0.9006352578667165
f1 = 0.9505787249678487
acc = 0.9114986017437079
