auc = 0.9388971371245137
f1 = 0.985435656179555
acc = 0.971289462498551
