auc = 0.8870984096923885
f1 = 0.948490964131731
acc = 0.9076328343477545
