auc = 0.9121442200576776
f1 = 0.658210251954822
acc = 0.8992418809548202
