auc = 0.8376866161846103
f1 = 0.7000998003992016
acc = 0.764579150957254
