auc = 0.8270184698882536
f1 = 0.7115509218354243
acc = 0.7602213191010135
