auc = 0.8259490073122857
f1 = 0.6839404497941084
acc = 0.7557165940361358
