auc = 0.9425871308533799
f1 = 0.9868413241783247
acc = 0.9743034893156614
