auc = 0.9017339082517812
f1 = 0.6503002472624514
acc = 0.8985759655772974
