auc = 0.9167568267119468
f1 = 0.9852495693666223
acc = 0.9712121797596507
