auc = 0.9335926155255115
f1 = 0.9860508916835063
acc = 0.9725259863209552
