auc = 0.9122295549415015
f1 = 0.6547766201659898
acc = 0.8998565720725336
