auc = 0.908809889035064
f1 = 0.642806012884753
acc = 0.8977563774203463
