auc = 0.9110323755261729
f1 = 0.6605153203342619
acc = 0.9001126933715807
