auc = 0.8804526709694562
f1 = 0.6453770272529677
acc = 0.8913533449441655
