auc = 0.8260361246492252
f1 = 0.700801370282009
acc = 0.7605151055182882
