auc = 0.8888184748721999
f1 = 0.9862959831698157
acc = 0.9730669654932571
