auc = 0.938336686648053
f1 = 0.986076500138444
acc = 0.9727964759071062
