auc = 0.8323607673493317
f1 = 0.691606532472465
acc = 0.7614454291729912
