auc = 0.9093888033302462
f1 = 0.6408388128665363
acc = 0.8964757709251101
