auc = 0.8976774175487905
f1 = 0.9501638448935008
acc = 0.9099358447113012
