auc = 0.8937346099429408
f1 = 0.6437014522120906
acc = 0.8919168118020695
