auc = 0.9050867168870873
f1 = 0.652233676975945
acc = 0.8963220981456818
