auc = 0.9150677113273643
f1 = 0.98533515406994
acc = 0.9713667452374513
