auc = 0.9103733088594044
f1 = 0.6099695585996956
acc = 0.8949902673906363
