auc = 0.9305847789639434
f1 = 0.9861025995848572
acc = 0.9728351172765562
