auc = 0.8901280145459907
f1 = 0.951058292452613
acc = 0.9126089817404178
