auc = 0.8265309663153764
f1 = 0.6830077875654283
acc = 0.7568427753023552
