auc = 0.8762341926252126
f1 = 0.9471432514490753
acc = 0.9054943247244612
