auc = 0.8259871439722214
f1 = 0.6811510606934563
acc = 0.7564020956764432
