auc = 0.9020819859814898
f1 = 0.951395881006865
acc = 0.9126501069254812
