auc = 0.9011452345506152
f1 = 0.9507512329395573
acc = 0.9117042276690245
