auc = 0.8974393179012001
f1 = 0.9503018616716021
acc = 0.9109639743378846
