auc = 0.9181817802138869
f1 = 0.9869858421737588
acc = 0.974496696162912
