auc = 0.9004070614939519
f1 = 0.9850368141873169
acc = 0.9707871246956992
