auc = 0.8902377433079819
f1 = 0.9511500849364125
acc = 0.9124856061852278
