auc = 0.9133878989198231
f1 = 0.6434191702432047
acc = 0.8978588259399651
