auc = 0.907939933251533
f1 = 0.6296497913264381
acc = 0.8954512857289212
