auc = 0.8977335807662672
f1 = 0.9488307060866428
acc = 0.9066869550912979
