auc = 0.8979150664237201
f1 = 0.949987387924511
acc = 0.9103059713768712
