auc = 0.8973394692495972
f1 = 0.986159510168724
acc = 0.9728351172765562
