auc = 0.9000491846454669
f1 = 0.949902701724216
acc = 0.9089488402697812
