auc = 0.8957540775672481
f1 = 0.9495530012771392
acc = 0.9090310906399078
