auc = 0.9110677273223572
f1 = 0.6609815523842673
acc = 0.9002151418911997
