auc = 0.9100984830032688
f1 = 0.6520595968448729
acc = 0.8983198442782502
