auc = 0.8995305974397213
f1 = 0.9500342543959808
acc = 0.9100180950814278
