auc = 0.9073540803073696
f1 = 0.6632869991823385
acc = 0.8945292490523512
