auc = 0.8943129991955472
f1 = 0.9853392161130127
acc = 0.9713667452374513
