auc = 0.9420530242800832
f1 = 0.9871873334254634
acc = 0.9749217512268635
