auc = 0.9107392629417734
f1 = 0.6475102623594503
acc = 0.8988320868763446
