auc = 0.7936259319958912
f1 = 0.9832916617057585
acc = 0.9674639669229878
