auc = 0.94505390005423
f1 = 0.9872582525039015
acc = 0.975076316704664
