auc = 0.9099027310216975
f1 = 0.6483516483516484
acc = 0.8983710685380596
