auc = 0.8055884376581014
f1 = 0.6852269265915321
acc = 0.7470009303236547
