auc = 0.9057633449212906
f1 = 0.6319241982507289
acc = 0.8965269951849196
