auc = 0.9421751860993289
f1 = 0.9871860584315735
acc = 0.9748831098574133
