auc = 0.9310884722506603
f1 = 0.9865370231862378
acc = 0.9735693032961088
