auc = 0.8282648209276382
f1 = 0.70285784074255
acc = 0.7617392155902659
