auc = 0.8938142755592341
f1 = 0.6336421952957947
acc = 0.8946829218317796
