auc = 0.9417258940435363
f1 = 0.985435656179555
acc = 0.971289462498551
