auc = 0.9439731574902783
f1 = 0.985435656179555
acc = 0.971289462498551
