auc = 0.826936626045021
f1 = 0.7018978458534204
acc = 0.7608088919355629
