auc = 0.9009759273952243
f1 = 0.950788079014385
acc = 0.9117864780391511
