auc = 0.9090181057698254
f1 = 0.5742375601926164
acc = 0.8913021206843561
