auc = 0.9065319219847705
f1 = 0.624659524241874
acc = 0.8941194549738757
