auc = 0.9378621483517284
f1 = 0.9871744433078921
acc = 0.974805827118513
