auc = 0.8135791635157988
f1 = 0.6856335258694851
acc = 0.7494981148704891
