auc = 0.8337495270654882
f1 = 0.7130434782608696
acc = 0.7657053322234736
