auc = 0.9379487566106063
f1 = 0.985435656179555
acc = 0.971289462498551
