auc = 0.9366633936687248
f1 = 0.9874067348308396
acc = 0.9753468062908149
