auc = 0.9014781492613104
f1 = 0.9514753500250832
acc = 0.9124856061852278
