auc = 0.9106328925939132
f1 = 0.6528982992016662
acc = 0.8975514803811085
