auc = 0.8886362779270471
f1 = 0.9485270462797003
acc = 0.9078795854581345
