auc = 0.836349427633594
f1 = 0.7148152576826499
acc = 0.7664397982666601
