auc = 0.9443304065185526
f1 = 0.9869826699374852
acc = 0.9745739789018123
