auc = 0.8323022232913125
f1 = 0.6992160977717424
acc = 0.7613964647701121
