auc = 0.94204924939152
f1 = 0.9867413779496487
acc = 0.9740329997295104
