auc = 0.9443553582642324
f1 = 0.9872374001380807
acc = 0.9749990339657637
