auc = 0.9424083457056868
f1 = 0.987196712242156
acc = 0.9749603925963136
