auc = 0.9434527583137504
f1 = 0.9877030574581055
acc = 0.9759264268325669
