auc = 0.9004560871942853
f1 = 0.9509459767494871
acc = 0.9114986017437079
