auc = 0.8352713950216857
f1 = 0.7082728592162555
acc = 0.7637957205111884
