auc = 0.8325086004693067
f1 = 0.6828165374677002
acc = 0.7595847818635851
