auc = 0.8950266302866398
f1 = 0.6350017024174328
acc = 0.8901751869685484
