auc = 0.865709804662939
f1 = 0.9459440705017
acc = 0.9038904425069912
