auc = 0.9115549789149061
f1 = 0.6712978651304642
acc = 0.9006249359696752
