auc = 0.9008437058414697
f1 = 0.9513927066153565
acc = 0.9127323572956079
