auc = 0.921451369154759
f1 = 0.9868553695321303
acc = 0.9743034893156614
