auc = 0.9001598913549261
f1 = 0.950023884806988
acc = 0.9096479684158578
