auc = 0.9451392767891794
f1 = 0.9872301731635962
acc = 0.9750376753352139
