auc = 0.9093306217563965
f1 = 0.6340937668403089
acc = 0.895656182768159
