auc = 0.8729353542495515
f1 = 0.9473539266535089
acc = 0.9056588254647145
