auc = 0.9093578227874777
f1 = 0.6446104589114194
acc = 0.8976539289007274
