auc = 0.861656023587207
f1 = 0.625
acc = 0.8847454154287471
