auc = 0.9290564309965363
f1 = 0.9857039201459025
acc = 0.9718304416708529
