auc = 0.8941495561004761
f1 = 0.9493563413570757
acc = 0.9092367165652245
