auc = 0.8985152969626112
f1 = 0.9507379018418946
acc = 0.9114574765586445
