auc = 0.9141317182729082
f1 = 0.645822102425876
acc = 0.8990369839155824
