auc = 0.8968756152282802
f1 = 0.9502618399688993
acc = 0.9105527224872512
