auc = 0.8869456334423411
f1 = 0.6434390708961691
acc = 0.89463169757197
