auc = 0.8982368875428257
f1 = 0.9515725723199744
acc = 0.9131847343313045
