auc = 0.8778710640585237
f1 = 0.6416175231676496
acc = 0.8910459993853089
