auc = 0.887492551957459
f1 = 0.985876652155928
acc = 0.9722941381042545
