auc = 0.9057685369777496
f1 = 0.6600581097248334
acc = 0.8981149472390124
