auc = 0.9303597313521574
f1 = 0.9860723130262505
acc = 0.9728351172765562
