auc = 0.9089654693886278
f1 = 0.6675662000337325
acc = 0.8990369839155824
