auc = 0.9431471529736912
f1 = 0.9875551354757405
acc = 0.9755786545075158
