auc = 0.8295167035356754
f1 = 0.6846243072560897
acc = 0.7603682123096509
