auc = 0.8995781577755656
f1 = 0.950472832184645
acc = 0.9110462247080112
