auc = 0.8999958931354214
f1 = 0.9851644977915107
acc = 0.9710576142818501
