auc = 0.9357289079574008
f1 = 0.987030420277553
acc = 0.9746126202712624
