auc = 0.8967085893411662
f1 = 0.6527353041114509
acc = 0.8952976129494928
