auc = 0.9444574141167339
f1 = 0.9877945381050972
acc = 0.9760809923103675
