auc = 0.8675366258135225
f1 = 0.9444623978579012
acc = 0.9010528047376213
