auc = 0.8980965597213877
f1 = 0.9497390075448473
acc = 0.9093189669353512
