auc = 0.8283381093429462
f1 = 0.6971258302812093
acc = 0.7611026783528375
