auc = 0.8339325508955444
f1 = 0.7007218212104387
acc = 0.7624736816334525
