auc = 0.8943921787551059
f1 = 0.9503843784930538
acc = 0.9105527224872512
