auc = 0.8759936633893814
f1 = 0.9479325479325479
acc = 0.9073038328672479
