auc = 0.836980601041941
f1 = 0.7049200644441691
acc = 0.766831513489693
