auc = 0.8954391792580398
f1 = 0.6604350781781101
acc = 0.8976539289007274
