auc = 0.8261542840197559
f1 = 0.6784634193423846
acc = 0.7553248788131028
