auc = 0.9444985630792981
f1 = 0.9875667474532521
acc = 0.9756172958769659
