auc = 0.9003888888464702
f1 = 0.6519565592139286
acc = 0.896578219444729
