auc = 0.8316194446324551
f1 = 0.6945837512537613
acc = 0.7614454291729912
