auc = 0.8934770185706723
f1 = 0.9489655803734894
acc = 0.9082908373087679
