auc = 0.9391674833990575
f1 = 0.9862861892228841
acc = 0.9732215309710576
