auc = 0.9023225457781794
f1 = 0.9523874831424718
acc = 0.9143362395130779
