auc = 0.8135796114949503
f1 = 0.6855913978494624
acc = 0.7494491504676101
