auc = 0.9011591473813897
f1 = 0.9505675576711827
acc = 0.9111696002632012
