auc = 0.9103933708128547
f1 = 0.6127996979422314
acc = 0.8949390431308267
