auc = 0.8704188118895039
f1 = 0.6342515765018254
acc = 0.8871017313799816
