auc = 0.827384848663391
f1 = 0.7031793641271746
acc = 0.7577241345541791
