auc = 0.946782317115484
f1 = 0.9873012738224547
acc = 0.9751535994435643
