auc = 0.910838149484302
f1 = 0.9862449779325905
acc = 0.9731442482321574
