auc = 0.9007162135805487
f1 = 0.950921223439386
acc = 0.9113752261885179
