auc = 0.9439915768046858
f1 = 0.9872725484410347
acc = 0.9749990339657637
