auc = 0.8413610748914006
f1 = 0.9441516901764962
acc = 0.9001891758512913
