auc = 0.8987585919561254
f1 = 0.9500146949110393
acc = 0.9090722158249712
