auc = 0.9108462632082481
f1 = 0.6434248554913296
acc = 0.898883311136154
