auc = 0.8993491423431267
f1 = 0.9515368315523253
acc = 0.9125267313702912
