auc = 0.9096757312591577
f1 = 0.5921414538310412
acc = 0.8936584366355906
