auc = 0.8385572393187406
f1 = 0.7005692124851441
acc = 0.7656074034177153
