auc = 0.8289603134295871
f1 = 0.6883451789420718
acc = 0.7573813837340254
