auc = 0.9429282362092879
f1 = 0.9869915504028297
acc = 0.9744194134240117
