auc = 0.8946022693759967
f1 = 0.9508009153318079
acc = 0.9115808521138345
