auc = 0.9130595299814537
f1 = 0.6538257642693055
acc = 0.8996516750332958
