auc = 0.9010925323503495
f1 = 0.9515121105688091
acc = 0.9125678565553546
