auc = 0.913870683816742
f1 = 0.651528696585017
acc = 0.9001639176313903
