auc = 0.9377087165336049
f1 = 0.9863474475662841
acc = 0.973337455079408
