auc = 0.8343682739217216
f1 = 0.7044310789247575
acc = 0.7641874357342212
