auc = 0.9091828772086283
f1 = 0.6109104732940506
acc = 0.8951439401700645
