auc = 0.9239668638675591
f1 = 0.9855772084281333
acc = 0.9718304416708529
