auc = 0.8987266711395541
f1 = 0.9514914268708651
acc = 0.9128557328507978
