auc = 0.9014821126019609
f1 = 0.5938967136150235
acc = 0.8936584366355906
