auc = 0.8263795591008668
f1 = 0.6951415502534306
acc = 0.7585075650002449
