auc = 0.8994180112374721
f1 = 0.9506457880900674
acc = 0.9112107254482645
