auc = 0.909538819402715
f1 = 0.6516774986825926
acc = 0.8984222927978691
