auc = 0.8387300959697945
f1 = 0.7115361336399951
acc = 0.7666356558781766
