auc = 0.9246724467617561
f1 = 0.9866682490703379
acc = 0.9739557169906101
