auc = 0.8943435182283601
f1 = 0.9492131944763041
acc = 0.9089488402697812
