auc = 0.8275856114939764
f1 = 0.7091481899780063
acc = 0.76041717671253
