auc = 0.8260094796283916
f1 = 0.7012420478642835
acc = 0.7585565294031239
