auc = 0.9000364589258705
f1 = 0.6297238372093024
acc = 0.8956049585083495
