auc = 0.8689572601226984
f1 = 0.9841792228390167
acc = 0.9691641871787936
