auc = 0.9008934727451394
f1 = 0.6424638678596009
acc = 0.8935559881159717
