auc = 0.9435093548699381
f1 = 0.9872802686154454
acc = 0.9751149580741142
