auc = 0.8981411292570091
f1 = 0.6406413384454513
acc = 0.8943755762729229
