auc = 0.8090657426407772
f1 = 0.9402152528642518
acc = 0.8937736469814114
