auc = 0.8792563100685131
f1 = 0.9473420260782348
acc = 0.9050008225037013
