auc = 0.9003278079912611
f1 = 0.9504777655273797
acc = 0.9113341010034545
