auc = 0.8999911724960588
f1 = 0.9514412315563474
acc = 0.9125678565553546
