auc = 0.9007893991961394
f1 = 0.9508121711278883
acc = 0.9115808521138345
