auc = 0.8318123142651657
f1 = 0.6959006211180124
acc = 0.7602702835038927
