auc = 0.9029041341934626
f1 = 0.9513974941484236
acc = 0.9128968580358612
