auc = 0.9438138625473655
f1 = 0.9875954010294437
acc = 0.9756945786158662
