auc = 0.9157134849942559
f1 = 0.9862954527605435
acc = 0.9730283241238069
