auc = 0.9103292241006098
f1 = 0.6176303317535544
acc = 0.8966806679643479
