auc = 0.901303234188408
f1 = 0.9523613587528003
acc = 0.9142951143280145
