auc = 0.8291411705065469
f1 = 0.9450600078321163
acc = 0.9019164336239514
