auc = 0.912542166370287
f1 = 0.6381808178984045
acc = 0.8989345353959636
