auc = 0.8172144899175755
f1 = 0.9401045903544452
acc = 0.8940203980917915
