auc = 0.9436311686498129
f1 = 0.9875510485923412
acc = 0.9756172958769659
