auc = 0.9375005086729269
f1 = 0.9871663244353183
acc = 0.9748831098574133
