auc = 0.9358374694689154
f1 = 0.9872508387606079
acc = 0.9750376753352139
