auc = 0.9003934068737605
f1 = 0.950854259832588
acc = 0.9118687284092778
