auc = 0.9229807612402796
f1 = 0.9869004274180783
acc = 0.9744194134240117
