auc = 0.8982677158087103
f1 = 0.9500814762112414
acc = 0.9105527224872512
