auc = 0.8370758988677327
f1 = 0.7051866453123075
acc = 0.7656563678205944
