auc = 0.8859641739947021
f1 = 0.9486436302703681
acc = 0.9067280802763612
