auc = 0.9135839754049232
f1 = 0.6622905510450856
acc = 0.8998565720725336
