auc = 0.9085660914428039
f1 = 0.6513986013986014
acc = 0.8978588259399651
