auc = 0.8708088456815397
f1 = 0.946561017183397
acc = 0.9045895706530679
