auc = 0.9430394749467339
f1 = 0.987353260333432
acc = 0.9752308821824646
