auc = 0.8251759754624289
f1 = 0.7058052991961893
acc = 0.7580668853743329
