auc = 0.9394753643811583
f1 = 0.985435656179555
acc = 0.971289462498551
