auc = 0.7901895000503977
f1 = 0.6862593144560357
acc = 0.7423003476472605
