auc = 0.9436324537182598
f1 = 0.9874082260993131
acc = 0.9753468062908149
