auc = 0.8982380412152293
f1 = 0.9510692938796844
acc = 0.9114574765586445
