auc = 0.8966622316748994
f1 = 0.9504454854413521
acc = 0.9112518506333278
