auc = 0.885040587816009
f1 = 0.9838853541059642
acc = 0.9685845666370416
