auc = 0.9070976366217122
f1 = 0.524436889077773
acc = 0.8853601065464604
