auc = 0.8247985119413481
f1 = 0.6060801029435419
acc = 0.8745517877266673
