auc = 0.8944264228334426
f1 = 0.6566024639944473
acc = 0.8986271898371069
