auc = 0.9377931026949599
f1 = 0.985435656179555
acc = 0.971289462498551
