auc = 0.8380686109286462
f1 = 0.7055982164973991
acc = 0.7672232287127259
