auc = 0.93604854196134
f1 = 0.985435656179555
acc = 0.971289462498551
