auc = 0.9013599627817641
f1 = 0.950296752904512
acc = 0.9107994735976311
