auc = 0.8275807762407439
f1 = 0.7002034399852044
acc = 0.7618861087989032
