auc = 0.9324470573217631
f1 = 0.9868423648235457
acc = 0.9742262065767611
