auc = 0.8380619545427763
f1 = 0.7105802871275185
acc = 0.7650687949860452
