auc = 0.912008415330921
f1 = 0.6425094645754462
acc = 0.8984222927978691
