auc = 0.8690768625147051
f1 = 0.9480080409356726
acc = 0.9063990787958546
