auc = 0.8367160401369842
f1 = 0.7009770365299646
acc = 0.7647260441658914
