auc = 0.9104738095110839
f1 = 0.6557780119423954
acc = 0.8996004507734863
