auc = 0.8856339997235995
f1 = 0.6376860622462788
acc = 0.8902776354881672
