auc = 0.9447165160423661
f1 = 0.9873588003719163
acc = 0.9753081649213649
