auc = 0.9423720960665769
f1 = 0.9854731517967417
acc = 0.9713667452374513
