auc = 0.9217392780314121
f1 = 0.9865048028758325
acc = 0.9734533791877584
