auc = 0.8303711117722591
f1 = 0.696730972024068
acc = 0.7606130343240464
