auc = 0.8283508816181007
f1 = 0.6849541751527494
acc = 0.7576262057484209
