auc = 0.8312391931116389
f1 = 0.7100251527128998
acc = 0.7629143612593644
