auc = 0.9091500546311235
f1 = 0.6130483689538808
acc = 0.8942731277533039
