auc = 0.9367720622692767
f1 = 0.9870811226603026
acc = 0.9746899030101627
