auc = 0.89702417920105
f1 = 0.9495070212130267
acc = 0.9096479684158578
