auc = 0.8327262452968276
f1 = 0.6986027944111777
acc = 0.7634040052881556
