auc = 0.8357870920650718
f1 = 0.7105073334936282
acc = 0.7641874357342212
