auc = 0.8980791858734021
f1 = 0.9499453452359263
acc = 0.9096068432307945
