auc = 0.8957008329117463
f1 = 0.9494087914071667
acc = 0.9077973350880079
