auc = 0.9381980331170707
f1 = 0.985435656179555
acc = 0.971289462498551
