auc = 0.9091748505184039
f1 = 0.6294659300184162
acc = 0.8969367892633952
