auc = 0.9195382235042446
f1 = 0.9863024466935246
acc = 0.9730669654932571
