auc = 0.8769201332101952
f1 = 0.9848796706776441
acc = 0.9704779937400981
