auc = 0.8332020868037515
f1 = 0.7137404580152672
acc = 0.764970866180287
