auc = 0.9055502701778204
f1 = 0.6318425760286226
acc = 0.8945804733121606
