auc = 0.8974240680328714
f1 = 0.9499012553061086
acc = 0.9092367165652245
