auc = 0.9421023923262566
f1 = 0.9866263427662457
acc = 0.9736852274044592
