auc = 0.8558519337413697
f1 = 0.9475181861991419
acc = 0.9059467017601579
