auc = 0.8999039212454014
f1 = 0.9508920444201711
acc = 0.9112518506333278
