auc = 0.8373159426528254
f1 = 0.7064549491999756
acc = 0.7637467561083092
