auc = 0.8952419769036924
f1 = 0.9497764802481525
acc = 0.9094423424905412
