auc = 0.9415806277645036
f1 = 0.987486451867179
acc = 0.9754627303991653
