auc = 0.886907604863727
f1 = 0.9851860630481155
acc = 0.9710189729124
