auc = 0.8364102943661266
f1 = 0.7173396674584323
acc = 0.7611026783528375
