auc = 0.903978260554191
f1 = 0.6459212376933896
acc = 0.8968343407437762
