auc = 0.9040698816868993
f1 = 0.9551594959700306
acc = 0.9187810996422257
