auc = 0.8999689165509479
f1 = 0.9509331865914613
acc = 0.9119921039644678
