auc = 0.8313456904162164
f1 = 0.6946698289851455
acc = 0.7604661411154091
