auc = 0.9100448158461563
f1 = 0.5348788198103267
acc = 0.8869480586005533
