auc = 0.9004582722956589
f1 = 0.9515590841099988
acc = 0.9134314854416845
