auc = 0.892572753332249
f1 = 0.9495093420357136
acc = 0.9096479684158578
