auc = 0.8985960081895765
f1 = 0.9489683166084113
acc = 0.9069337062016779
