auc = 0.8745091009319412
f1 = 0.9492430988423864
acc = 0.9085787136042113
