auc = 0.9133155632655898
f1 = 0.6473447344734473
acc = 0.8996516750332958
