auc = 0.8224327799979256
f1 = 0.6949687480660932
acc = 0.7586544582088821
