auc = 0.8254534936813438
f1 = 0.6027031536792925
acc = 0.8780350373937097
