auc = 0.7944080125940574
f1 = 0.6860967952135537
acc = 0.7405376291436125
