auc = 0.9019747784903143
f1 = 0.9521160160525356
acc = 0.9136371113670011
