auc = 0.909039675710262
f1 = 0.6164643399089531
acc = 0.8964245466653007
