auc = 0.901878886156952
f1 = 0.9522588913809676
acc = 0.9142128639578878
