auc = 0.9406115255218876
f1 = 0.985435656179555
acc = 0.971289462498551
