auc = 0.9007540555634301
f1 = 0.951431504505532
acc = 0.9124444810001645
