auc = 0.8316772728976995
f1 = 0.6996724148587675
acc = 0.7620819664104196
