auc = 0.8777138503820507
f1 = 0.9849132810643858
acc = 0.9705552764789984
