auc = 0.8941680989012943
f1 = 0.9442199950893954
acc = 0.8972281625267313
