auc = 0.8382431989160963
f1 = 0.7155744070733019
acc = 0.7668918918918919
