auc = 0.9341053310636168
f1 = 0.9856277327895532
acc = 0.9716758761930523
