auc = 0.9123463762118298
f1 = 0.6544622425629291
acc = 0.899446777994058
