auc = 0.8311579725437475
f1 = 0.6976456775628747
acc = 0.76041717671253
