auc = 0.821454393531181
f1 = 0.7028364514182257
acc = 0.7588992802232777
