auc = 0.8967486272215223
f1 = 0.9499279456504336
acc = 0.9099769698963646
