auc = 0.9037107360274508
f1 = 0.6433032616238722
acc = 0.8946829218317796
