auc = 0.9094261975898169
f1 = 0.6540502299257163
acc = 0.8998053478127241
