auc = 0.8303478850271248
f1 = 0.7053967097674984
acc = 0.7623757528276943
