auc = 0.9020167079880033
f1 = 0.9515537012972208
acc = 0.9126089817404178
