auc = 0.8984952294163593
f1 = 0.6542349250609968
acc = 0.8983710685380596
