auc = 0.888349724038505
f1 = 0.9482369209495275
acc = 0.9076328343477545
