auc = 0.8984127194414795
f1 = 0.9515058936184766
acc = 0.9125267313702912
