auc = 0.8970759340147059
f1 = 0.9503251568739305
acc = 0.9104704721171245
