auc = 0.9409864710135678
f1 = 0.9856464959410174
acc = 0.9717145175625024
