auc = 0.830296002224314
f1 = 0.6910224438902743
acc = 0.7573324193311463
