auc = 0.8987276490870219
f1 = 0.9511479767196738
acc = 0.9123211054449745
