auc = 0.8424301946508523
f1 = 0.7254481118394338
acc = 0.7682628280454368
