auc = 0.8359791923422835
f1 = 0.719093246085534
acc = 0.764579150957254
