auc = 0.9137400520580012
f1 = 0.6552997011777113
acc = 0.8995492265136769
