auc = 0.899329048578746
f1 = 0.9495004172587229
acc = 0.9079207106431979
