auc = 0.8350649301955964
f1 = 0.7141753343239227
acc = 0.764530186554375
