auc = 0.8986057494631833
f1 = 0.9518787380724102
acc = 0.9133081098864945
