auc = 0.8962914959310448
f1 = 0.9839854124549093
acc = 0.9687777734842923
