auc = 0.9001631690069867
f1 = 0.9508502318814223
acc = 0.9110873498930745
