auc = 0.8013423305725805
f1 = 0.6865146737812272
acc = 0.7468540371150174
