auc = 0.9089917923513373
f1 = 0.6408314250484412
acc = 0.8955537342485401
