auc = 0.827686031863978
f1 = 0.7043488853697161
acc = 0.7623267884248152
