auc = 0.9420922724122364
f1 = 0.9862056786295941
acc = 0.9728351172765562
