auc = 0.9089471349392568
f1 = 0.5331083930830873
acc = 0.8865894887818871
