auc = 0.9415540964555242
f1 = 0.985435656179555
acc = 0.971289462498551
