auc = 0.9424245964670899
f1 = 0.9875720034719483
acc = 0.975655937246416
