auc = 0.898914941307566
f1 = 0.9519936021935336
acc = 0.9135959861819378
