auc = 0.9397789082572502
f1 = 0.9871724246478318
acc = 0.974805827118513
