auc = 0.897737003582405
f1 = 0.9485097289393769
acc = 0.9058644513900312
