auc = 0.8883974908623624
f1 = 0.6433345058037284
acc = 0.896117201106444
