auc = 0.9094265602702312
f1 = 0.6481612446958981
acc = 0.898063722979203
