auc = 0.8329655781584844
f1 = 0.6987832746587611
acc = 0.7612006071585957
