auc = 0.9105486648397756
f1 = 0.6557261337568377
acc = 0.9000614691117713
