auc = 0.8964406348908308
f1 = 0.9484030589293747
acc = 0.9056588254647145
