auc = 0.944895461823615
f1 = 0.9873848222406769
acc = 0.9753468062908149
