auc = 0.9074601166074798
f1 = 0.6602343211578222
acc = 0.898985759655773
