auc = 0.9103211592334999
f1 = 0.6691287560852779
acc = 0.8990369839155824
