auc = 0.8208963527193065
f1 = 0.6739524055871702
acc = 0.753121480683543
