auc = 0.8995314989850434
f1 = 0.9505838435799968
acc = 0.9107172232275045
