auc = 0.8309166189065705
f1 = 0.7071823204419889
acc = 0.7638446849140674
