auc = 0.870646482596318
f1 = 0.985922712933754
acc = 0.9724100622126048
