auc = 0.8930070483862539
f1 = 0.9856470588235295
acc = 0.9717145175625024
