auc = 0.943470347688119
f1 = 0.985435656179555
acc = 0.971289462498551
