auc = 0.9372585945377737
f1 = 0.9874060372309025
acc = 0.9752695235519147
