auc = 0.890588910491341
f1 = 0.9497165843847137
acc = 0.9095245928606679
