auc = 0.8354501387031101
f1 = 0.6934140802422406
acc = 0.7620330020075405
