auc = 0.9055921788541285
f1 = 0.6547436552546415
acc = 0.8961684253662534
