auc = 0.8323064109225108
f1 = 0.694676114629711
acc = 0.7615923223816286
