auc = 0.9093559521200769
f1 = 0.6225116279069768
acc = 0.8960659768466346
