auc = 0.8352070321040364
f1 = 0.7086280911784268
acc = 0.764040542525584
