auc = 0.8792336186311706
f1 = 0.9473684210526315
acc = 0.9050419476887646
