auc = 0.8974848306595333
f1 = 0.9438282487893056
acc = 0.8964879091955914
