auc = 0.8977373855931345
f1 = 0.9511776419693745
acc = 0.9122799802599112
