auc = 0.9125207682258363
f1 = 0.6543405529142454
acc = 0.899446777994058
