auc = 0.8318028239242292
f1 = 0.6984146491335874
acc = 0.7596827106693433
