auc = 0.8246062190218765
f1 = 0.6977630285152409
acc = 0.7591930666405523
