auc = 0.9090387117438973
f1 = 0.6120280781635363
acc = 0.8952463886896834
