auc = 0.9449261428327876
f1 = 0.9873138878508348
acc = 0.975076316704664
