auc = 0.9396004176044096
f1 = 0.9867935329766864
acc = 0.9741489238378608
