auc = 0.8516152735793808
f1 = 0.6206212822207535
acc = 0.8823890994775125
