auc = 0.900143090523035
f1 = 0.9513141084139441
acc = 0.9122388550748478
