auc = 0.8407106556223576
f1 = 0.7125530624620982
acc = 0.7679087303530333
