auc = 0.8624092821752886
f1 = 0.6208836670527884
acc = 0.8826452207765598
