auc = 0.8341522554532941
f1 = 0.7058608058608058
acc = 0.764089506928463
