auc = 0.8237065697603361
f1 = 0.6843795252785997
acc = 0.7545414483670372
