auc = 0.8359403496282503
f1 = 0.7174219300305236
acc = 0.7642853645399794
