auc = 0.9281761323380621
f1 = 0.9870904066324516
acc = 0.9747285443796128
