auc = 0.8962033603864163
f1 = 0.9500215913998045
acc = 0.9095657180457312
