auc = 0.9058056162780133
f1 = 0.654144408064794
acc = 0.8971929105624423
