auc = 0.9005021042067817
f1 = 0.9507190620133735
acc = 0.9114986017437079
