auc = 0.9402990397111851
f1 = 0.9867324777887462
acc = 0.9740329997295104
