auc = 0.889517813527055
f1 = 0.9490369551193438
acc = 0.9090310906399078
