auc = 0.9020117112876591
f1 = 0.9514625228519197
acc = 0.9126501069254812
