auc = 0.8792986521377901
f1 = 0.947454806574418
acc = 0.905206448429018
