auc = 0.8336776994517611
f1 = 0.7131288053437372
acc = 0.7623757528276943
