auc = 0.9110975434701108
f1 = 0.5580818520049607
acc = 0.890482532527405
