auc = 0.9429967731931296
f1 = 0.9873851179816189
acc = 0.9752308821824646
