auc = 0.8350110314866043
f1 = 0.6883423826253594
acc = 0.7611026783528375
