auc = 0.9457232333093167
f1 = 0.9872118724344806
acc = 0.9749603925963136
