auc = 0.835695879614368
f1 = 0.712408933476651
acc = 0.7641874357342212
