auc = 0.9420439752564355
f1 = 0.9864696210305276
acc = 0.973607944665559
