auc = 0.8313017543740051
f1 = 0.6930346079228988
acc = 0.7598296038779807
