auc = 0.8340691650593792
f1 = 0.7056506216914933
acc = 0.7658522254321108
