auc = 0.9263724049113604
f1 = 0.9867030209629937
acc = 0.9739943583600603
