auc = 0.9038970774066899
f1 = 0.6279239766081871
acc = 0.8957074070279685
