auc = 0.89741361143413
f1 = 0.6503472222222222
acc = 0.8968343407437762
