auc = 0.8587872978629344
f1 = 0.6388659963738256
acc = 0.8877676467575043
