auc = 0.8270163760726545
f1 = 0.719672131147541
acc = 0.7655584390148362
