auc = 0.9054980537423656
f1 = 0.6414502353146244
acc = 0.89463169757197
