auc = 0.8304053432226355
f1 = 0.7028310502283105
acc = 0.7610047495470793
