auc = 0.8307547572220813
f1 = 0.6988685813751088
acc = 0.7628164324536062
