auc = 0.9419036618453753
f1 = 0.9870042527939867
acc = 0.9746126202712624
