auc = 0.8990934014400398
f1 = 0.9500963609568076
acc = 0.9094834676756045
