auc = 0.8308063040405285
f1 = 0.6977725383135819
acc = 0.7614943935758703
