auc = 0.9395356287368719
f1 = 0.9868236502637245
acc = 0.9742262065767611
