auc = 0.9006584764788659
f1 = 0.951426157254105
acc = 0.9125267313702912
