auc = 0.8235741091423292
f1 = 0.6755826786989547
acc = 0.7553248788131028
