auc = 0.8988724846350701
f1 = 0.9515557486111428
acc = 0.9128557328507978
