auc = 0.9117161617264504
f1 = 0.6591461298160362
acc = 0.8993955537342485
