auc = 0.906766704604743
f1 = 0.9854023261333966
acc = 0.9714826693458016
