auc = 0.900939189565799
f1 = 0.638245179550681
acc = 0.8952463886896834
