auc = 0.8995928117071558
f1 = 0.9507500513733818
acc = 0.9112929758183912
