auc = 0.907275111419241
f1 = 0.6367583212735166
acc = 0.8971416863026329
