auc = 0.942682493641053
f1 = 0.9870914258645193
acc = 0.9747285443796128
