auc = 0.9091919060421031
f1 = 0.5930685358255452
acc = 0.8929412969982584
