auc = 0.9099130483250655
f1 = 0.6492537313432836
acc = 0.898883311136154
