auc = 0.8381803427722216
f1 = 0.7066642052796752
acc = 0.7665866914752975
