auc = 0.8381397617043075
f1 = 0.7001191745593677
acc = 0.76590118983499
