auc = 0.9250876041869245
f1 = 0.9856843437339344
acc = 0.9720236485181035
