auc = 0.9068410497727329
f1 = 0.633695652173913
acc = 0.8964245466653007
