auc = 0.9118293657368558
f1 = 0.6469109195402298
acc = 0.8992931052146297
