auc = 0.9270593543130752
f1 = 0.9859364886334661
acc = 0.9722941381042545
