auc = 0.9083540188425836
f1 = 0.5376389180121619
acc = 0.8870505071201721
