auc = 0.9045625864229251
f1 = 0.6575484764542936
acc = 0.8986784140969163
