auc = 0.943084800381751
f1 = 0.9872269967673264
acc = 0.9749603925963136
