auc = 0.9426559623320737
f1 = 0.9873077910029411
acc = 0.9751535994435643
