auc = 0.902191295975469
f1 = 0.6483028256619869
acc = 0.8986271898371069
