auc = 0.9022795237298036
f1 = 0.9523809523809524
acc = 0.9142128639578878
