auc = 0.8129520852212165
f1 = 0.6992989942090827
acc = 0.7584586005973657
