auc = 0.8979184586789996
f1 = 0.9499439243780183
acc = 0.9100592202664912
