auc = 0.9409052439788117
f1 = 0.9870888774825286
acc = 0.9747285443796128
