auc = 0.8836996723659667
f1 = 0.6468635331120042
acc = 0.8964757709251101
