auc = 0.90071355478587
f1 = 0.9509290791488583
acc = 0.9117042276690245
