auc = 0.9433411715369332
f1 = 0.9869945892769307
acc = 0.9744580547934619
