auc = 0.908092230392924
f1 = 0.6594240386273496
acc = 0.8988320868763446
