auc = 0.8932445115601643
f1 = 0.9506161528242246
acc = 0.9113341010034545
