auc = 0.8206060670985121
f1 = 0.7015079028644099
acc = 0.7586544582088821
