auc = 0.9085087783931043
f1 = 0.6311992786293957
acc = 0.8952463886896834
