auc = 0.9011332012126304
f1 = 0.9514905707935197
acc = 0.9129379832209245
