auc = 0.8920093639081275
f1 = 0.9504506565402389
acc = 0.9109228491528212
