auc = 0.9251020612069534
f1 = 0.9866619242397298
acc = 0.97391707562116
