auc = 0.909954565688295
f1 = 0.6396673295968179
acc = 0.8979100501997747
