auc = 0.8347497914705744
f1 = 0.702383151671901
acc = 0.7633550408852764
