auc = 0.9424145033253288
f1 = 0.985435656179555
acc = 0.971289462498551
