auc = 0.9428175596892876
f1 = 0.985435656179555
acc = 0.971289462498551
