auc = 0.8948637633606725
f1 = 0.9497594374537379
acc = 0.9106760980424412
