auc = 0.9151013908295802
f1 = 0.9863310486094697
acc = 0.9731828896016075
