auc = 0.8364488838745523
f1 = 0.706490310673639
acc = 0.766390833863781
