auc = 0.830164622599477
f1 = 0.6996354799513973
acc = 0.7579199921656955
