auc = 0.8302652523510383
f1 = 0.6930457139273845
acc = 0.7603192479067717
