auc = 0.8815003327771869
f1 = 0.9484820607175712
acc = 0.9078795854581345
