auc = 0.9113022097544997
f1 = 0.6543665436654367
acc = 0.8992418809548202
