auc = 0.8289233941043022
f1 = 0.7077255537547271
acc = 0.7615923223816286
