auc = 0.9100234367901485
f1 = 0.6627565982404693
acc = 0.8998565720725336
