auc = 0.9434717130733441
f1 = 0.9870232631745528
acc = 0.9746512616407126
