auc = 0.9094175887020851
f1 = 0.6623715827964479
acc = 0.9006761602294847
