auc = 0.8379113458997978
f1 = 0.709309456641727
acc = 0.7679087303530333
