auc = 0.9434065139676346
f1 = 0.9868576841108216
acc = 0.9742658423493045
