auc = 0.8313596118552813
f1 = 0.691063613877085
acc = 0.7614943935758703
