auc = 0.9086286919911766
f1 = 0.6591773245765642
acc = 0.898985759655773
