auc = 0.8997418875743034
f1 = 0.9511967388581448
acc = 0.9118687284092778
