auc = 0.8999229530199537
f1 = 0.9505072381169497
acc = 0.9107172232275045
