auc = 0.8816551283392368
f1 = 0.6297786720321931
acc = 0.8868968343407437
