auc = 0.832392057719192
f1 = 0.6938263867126292
acc = 0.7608088919355629
