auc = 0.9436749412937898
f1 = 0.987353260333432
acc = 0.9752308821824646
