auc = 0.8812155132173574
f1 = 0.950349730535489
acc = 0.9109639743378846
