auc = 0.8290811022429635
f1 = 0.693831915025778
acc = 0.7586544582088821
