auc = 0.9094219122343937
f1 = 0.6215913335823683
acc = 0.8962196496260629
