auc = 0.8882087697194703
f1 = 0.9509853461344112
acc = 0.9122388550748478
