auc = 0.9436638575784342
f1 = 0.9869045509147122
acc = 0.9743034893156614
