auc = 0.8385165949494245
f1 = 0.7043704991308666
acc = 0.766831513489693
