auc = 0.8401405047653783
f1 = 0.7115095361289935
acc = 0.7652156881946824
