auc = 0.8977954811424772
f1 = 0.9861578010678267
acc = 0.9729510413849067
