auc = 0.9092723924614394
f1 = 0.6527370056984977
acc = 0.8969880135232046
