auc = 0.9005672752372637
f1 = 0.9511141583818993
acc = 0.9120332291495312
