auc = 0.835309853057969
f1 = 0.7091305400823444
acc = 0.7647750085687705
