auc = 0.900377797915346
f1 = 0.9503676470588236
acc = 0.9111696002632012
