auc = 0.9318417365386938
f1 = 0.987233036488297
acc = 0.9749603925963136
