auc = 0.941519613785529
f1 = 0.9865592989519806
acc = 0.9736852274044592
