auc = 0.9092986581588205
f1 = 0.6254854817828741
acc = 0.8962708738858723
