auc = 0.9080300497902944
f1 = 0.6331039478449836
acc = 0.8962196496260629
