auc = 0.9008452491648176
f1 = 0.9511056173602527
acc = 0.9121566047047212
