auc = 0.8992515997234121
f1 = 0.950824880295913
acc = 0.9108817239677579
