auc = 0.8223471234625672
f1 = 0.7063259321323837
acc = 0.7597316750722225
