auc = 0.8874196043138973
f1 = 0.9509352748586213
acc = 0.9118687284092778
