auc = 0.7698670037547469
f1 = 0.6824706653165763
acc = 0.7389707682514812
