auc = 0.908959160658261
f1 = 0.5701666332061834
acc = 0.8903288597479766
