auc = 0.8587516481002834
f1 = 0.9847091171641644
acc = 0.9701302214150469
