auc = 0.9443573394114215
f1 = 0.9871244635193133
acc = 0.9748444684879632
