auc = 0.9009730699549662
f1 = 0.950788079014385
acc = 0.9117864780391511
