auc = 0.9420342033817862
f1 = 0.9866149983194605
acc = 0.9738397928822597
