auc = 0.9014688281995065
f1 = 0.9514904098341961
acc = 0.9125267313702912
