auc = 0.8963633770408618
f1 = 0.950716226797476
acc = 0.9119921039644678
