auc = 0.8344663465966847
f1 = 0.9433638973789015
acc = 0.899407797335088
