auc = 0.8295052118965732
f1 = 0.6780320217799961
acc = 0.7567938108994761
