auc = 0.8323801278396157
f1 = 0.7006943598489463
acc = 0.7593889242520687
