auc = 0.8523162298340143
f1 = 0.6043421905379132
acc = 0.8749103575453334
