auc = 0.8847455307461194
f1 = 0.9834238807153903
acc = 0.9676958151396885
