auc = 0.8985803734157547
f1 = 0.6645527369826435
acc = 0.8970392377830141
