auc = 0.9026973899865636
f1 = 0.9508956216600537
acc = 0.9119509787794045
