auc = 0.8959749714515742
f1 = 0.949972612744203
acc = 0.9098535943411745
