auc = 0.8998006026234542
f1 = 0.9503855865693033
acc = 0.9103059713768712
