auc = 0.9091123931333526
f1 = 0.6436537440254914
acc = 0.8968855650035857
