auc = 0.8872065569299589
f1 = 0.9505760447201581
acc = 0.9105527224872512
