auc = 0.9422118908668473
f1 = 0.9872053074280299
acc = 0.9749603925963136
