auc = 0.8268770107325092
f1 = 0.6942474875146433
acc = 0.7571855261225089
