auc = 0.9101545171272963
f1 = 0.6773078821787066
acc = 0.8995492265136769
