auc = 0.9050278099524087
f1 = 0.6531184302733006
acc = 0.8985759655772974
