auc = 0.9430956966912915
f1 = 0.9874980280801389
acc = 0.9755013717686155
