auc = 0.9016957043718591
f1 = 0.9515914815662926
acc = 0.9130613587761145
