auc = 0.831724354532648
f1 = 0.6994716795675145
acc = 0.7604661411154091
