auc = 0.9288696409433088
f1 = 0.9854986330678712
acc = 0.9717145175625024
