auc = 0.9295939911912842
f1 = 0.9871433915457463
acc = 0.974767185749063
