auc = 0.824101551030425
f1 = 0.6791925860099023
acc = 0.7525339078489938
