auc = 0.8465723315767876
f1 = 0.9839343091752945
acc = 0.968700490745392
