auc = 0.9310710970543661
f1 = 0.9874366408299312
acc = 0.975385447660265
