auc = 0.9440926153113335
f1 = 0.9874118135288422
acc = 0.975385447660265
