auc = 0.93462514125044
f1 = 0.9862466111254031
acc = 0.9731442482321574
