auc = 0.9179926074295802
f1 = 0.985967751485129
acc = 0.9725259863209552
