auc = 0.8965560938137672
f1 = 0.9515420517982979
acc = 0.9128968580358612
