auc = 0.9012348466275817
f1 = 0.951189959077296
acc = 0.9121977298897845
