auc = 0.9008332005464037
f1 = 0.95028302530178
acc = 0.9100592202664912
