auc = 0.8225073052252386
f1 = 0.694210786739238
acc = 0.7579199921656955
