auc = 0.9103664179315305
f1 = 0.6390235146293305
acc = 0.8969880135232046
