auc = 0.9014169129413439
f1 = 0.9511619919862622
acc = 0.9122799802599112
