auc = 0.9395058044399973
f1 = 0.9876995860437611
acc = 0.9758877854631168
