auc = 0.9098521466481077
f1 = 0.6346782988004362
acc = 0.8970392377830141
