auc = 0.911105808765871
f1 = 0.6552686671318912
acc = 0.8987808626165352
