auc = 0.8917447221550392
f1 = 0.9513273322797133
acc = 0.9126089817404178
