auc = 0.809678745385693
f1 = 0.6959618518742078
acc = 0.7533663026979386
