auc = 0.9030681084790673
f1 = 0.9520069409562081
acc = 0.9135548609968744
