auc = 0.8962830936659136
f1 = 0.950074192443785
acc = 0.9100592202664912
