auc = 0.9033646863291563
f1 = 0.952257241174996
acc = 0.9138427372923178
