auc = 0.9095031717356663
f1 = 0.5920535011801731
acc = 0.8937608851552095
