auc = 0.9008675967925035
f1 = 0.9514989366810729
acc = 0.9127734824806711
