auc = 0.8352556086259358
f1 = 0.7076774037297168
acc = 0.763599862899672
