auc = 0.9415652604876578
f1 = 0.9866508454464551
acc = 0.97391707562116
