auc = 0.9415010873820843
f1 = 0.9870272820190268
acc = 0.974496696162912
