auc = 0.9087594955459027
f1 = 0.6401569186875891
acc = 0.8966294437045385
