auc = 0.8966335885103887
f1 = 0.9513110317694949
acc = 0.9119509787794045
