auc = 0.9093220128686647
f1 = 0.6514965867320146
acc = 0.8980124987193935
