auc = 0.894896742977171
f1 = 0.6244260789715336
acc = 0.8952463886896834
