auc = 0.908620130824552
f1 = 0.6547743966421825
acc = 0.898883311136154
