auc = 0.9061479197796735
f1 = 0.6302940632513409
acc = 0.897602704640918
