auc = 0.9439544972255373
f1 = 0.9875004928827728
acc = 0.9755013717686155
