auc = 0.8322371007568413
f1 = 0.6999506903353058
acc = 0.7616412867845077
