auc = 0.834335439971524
f1 = 0.7077447637603507
acc = 0.764970866180287
