auc = 0.9094779081815357
f1 = 0.6512280701754385
acc = 0.8981661714988218
