auc = 0.8288334135962646
f1 = 0.6895856944969146
acc = 0.7586054938060031
