auc = 0.9019180651773872
f1 = 0.9511025886864812
acc = 0.9119098535943412
