auc = 0.8157627989347835
f1 = 0.696991576413959
acc = 0.7534152671008177
