auc = 0.8970283354777888
f1 = 0.9503861402021221
acc = 0.9109639743378846
