auc = 0.9029085120364246
f1 = 0.9507168048367151
acc = 0.9114986017437079
