auc = 0.8285835434858718
f1 = 0.6897505184440395
acc = 0.7582627429858493
