auc = 0.8978200297943919
f1 = 0.9428851465739998
acc = 0.8945550254976148
