auc = 0.9109097895460998
f1 = 0.618202416918429
acc = 0.8964245466653007
