auc = 0.9118496090305133
f1 = 0.6599513720041682
acc = 0.8997028992931052
