auc = 0.8287459359282687
f1 = 0.6910133366571107
acc = 0.757234490525388
