auc = 0.9101566550328971
f1 = 0.5149674620390455
acc = 0.8854625550660793
