auc = 0.8979111469936335
f1 = 0.9498716696572558
acc = 0.9092367165652245
