auc = 0.9099677176254283
f1 = 0.6281695354432724
acc = 0.8970904620428235
