auc = 0.9102088428356874
f1 = 0.6490672298486448
acc = 0.8978588259399651
