auc = 0.8934217416180886
f1 = 0.9496343692870202
acc = 0.9093600921204146
