auc = 0.9075871672636523
f1 = 0.9860726438236923
acc = 0.9727964759071062
