auc = 0.870439211764716
f1 = 0.9842201252874474
acc = 0.9692414699176939
