auc = 0.9292870204660001
f1 = 0.9872605194242621
acc = 0.9749990339657637
