auc = 0.8994033955069547
f1 = 0.950614177551067
acc = 0.9112107254482645
