auc = 0.9413432381411743
f1 = 0.9867446316746016
acc = 0.9740716410989605
