auc = 0.8352318267762009
f1 = 0.7078264027601237
acc = 0.763648827302551
