auc = 0.8841504710925757
f1 = 0.9481495095223874
acc = 0.9071804573120579
