auc = 0.9271308630177006
f1 = 0.9874006743301063
acc = 0.9753081649213649
