auc = 0.9414434199355239
f1 = 0.985435656179555
acc = 0.971289462498551
