auc = 0.9101979719674764
f1 = 0.6586318112374808
acc = 0.8969880135232046
