auc = 0.7786769717019361
f1 = 0.9832342449464923
acc = 0.9673094014451872
