auc = 0.9106227398858688
f1 = 0.9863305941845765
acc = 0.9732601723405078
