auc = 0.9413694214107823
f1 = 0.9869611600616383
acc = 0.974496696162912
