auc = 0.9463513372850616
f1 = 0.9875310736692577
acc = 0.9755786545075158
