auc = 0.8296009528321777
f1 = 0.6915126839962418
acc = 0.7588503158203985
