auc = 0.8319212900630921
f1 = 0.7032182634914774
acc = 0.7638446849140674
