auc = 0.9407623604308578
f1 = 0.985435656179555
acc = 0.971289462498551
