auc = 0.8361409615093391
f1 = 0.7040137897069687
acc = 0.764579150957254
