auc = 0.9059564340650824
f1 = 0.6538922155688623
acc = 0.8963733224054913
