auc = 0.9143935735321178
f1 = 0.6655184292111609
acc = 0.9005224874500564
