auc = 0.9284840400924221
f1 = 0.9869221651521137
acc = 0.9744194134240117
