auc = 0.833113771609516
f1 = 0.7010919859337406
acc = 0.7627674680507271
