auc = 0.8669972725045119
f1 = 0.9484573919027411
acc = 0.9075917091626913
