auc = 0.9105887792024543
f1 = 0.6578489383919249
acc = 0.8992931052146297
