auc = 0.8206510208324913
f1 = 0.6968790081231295
acc = 0.7569896685109925
