auc = 0.8874810069993503
f1 = 0.636660367634427
acc = 0.8916606905030222
