auc = 0.8956768017390334
f1 = 0.6407174887892377
acc = 0.8973978076016802
