auc = 0.9090379482061826
f1 = 0.4787851719517641
acc = 0.8804425776047536
