auc = 0.8569683746796967
f1 = 0.9860331343695212
acc = 0.9726032690598555
