auc = 0.9113228539054572
f1 = 0.6494345718901454
acc = 0.8999590205921525
