auc = 0.8784029057386387
f1 = 0.9479690259475616
acc = 0.9054943247244612
