auc = 0.9092363725697549
f1 = 0.6270651568591054
acc = 0.8970904620428235
