auc = 0.9071925729922967
f1 = 0.6296094459582199
acc = 0.8955537342485401
