auc = 0.9366625637286861
f1 = 0.9871949174279345
acc = 0.9749217512268635
