auc = 0.9426574615785951
f1 = 0.9873557550054247
acc = 0.9752308821824646
