auc = 0.9022778581630223
f1 = 0.9512831069027035
acc = 0.9124033558151011
