auc = 0.9421414798248539
f1 = 0.9876154285376755
acc = 0.9756945786158662
