auc = 0.9121813661674911
f1 = 0.6592274678111587
acc = 0.8983198442782502
