auc = 0.8930356662942521
f1 = 0.9513171663860958
acc = 0.9119921039644678
