auc = 0.8975631887004036
f1 = 0.9500011358215397
acc = 0.9094834676756045
