auc = 0.9464795228626527
f1 = 0.9872617754517625
acc = 0.975076316704664
