auc = 0.830744443962921
f1 = 0.6976316112406431
acc = 0.7587034226117613
