auc = 0.9431256013049443
f1 = 0.985435656179555
acc = 0.971289462498551
