auc = 0.9007350314290923
f1 = 0.9509310922826111
acc = 0.9121154795196579
