auc = 0.8129014587077652
f1 = 0.6975630201784324
acc = 0.7526808010576311
