auc = 0.8994830705082788
f1 = 0.9862513257650155
acc = 0.9729510413849067
