auc = 0.9214755980494375
f1 = 0.9847719756826868
acc = 0.9702847868928475
