auc = 0.9046482458102777
f1 = 0.6431304347826087
acc = 0.8948878188710173
