auc = 0.9103264371879518
f1 = 0.6553830047112197
acc = 0.8988320868763446
