auc = 0.9422592242213128
f1 = 0.9871085831250369
acc = 0.9746899030101627
