auc = 0.9210930224638532
f1 = 0.9858230350963915
acc = 0.9722941381042545
