auc = 0.9142359888920535
f1 = 0.6500356379187456
acc = 0.8993955537342485
