auc = 0.905337224067014
f1 = 0.6167698368036016
acc = 0.8953488372093024
