auc = 0.8359382655513283
f1 = 0.712262729737873
acc = 0.7661949762522646
