auc = 0.9464107717007367
f1 = 0.9872022751510843
acc = 0.9749603925963136
