auc = 0.8316490112564501
f1 = 0.6974117062876296
acc = 0.7612985359643539
