auc = 0.8380781743096617
f1 = 0.710188770571152
acc = 0.765460510209078
