auc = 0.9019859179231917
f1 = 0.9514020830948838
acc = 0.9126912321105445
