auc = 0.8949458651066937
f1 = 0.9496895544192842
acc = 0.9093600921204146
