auc = 0.9111667390754934
f1 = 0.6298833549342715
acc = 0.897602704640918
