auc = 0.8940648948825659
f1 = 0.9495055850576817
acc = 0.9092778417502879
