auc = 0.9006007775782561
f1 = 0.9509846726566629
acc = 0.9122799802599112
