auc = 0.8837619865876967
f1 = 0.6297683923705721
acc = 0.888638459174265
