auc = 0.898485706411491
f1 = 0.9508618117555254
acc = 0.9119509787794045
