auc = 0.8410465133831337
f1 = 0.7140954226204892
acc = 0.7687900896048573
