auc = 0.8882504621312017
f1 = 0.6460251046025105
acc = 0.8916606905030222
