auc = 0.9110668301655427
f1 = 0.6598189415041783
acc = 0.899907796332343
