auc = 0.8059726479512014
f1 = 0.6925632815803782
acc = 0.7508201537482251
