auc = 0.942321924852624
f1 = 0.9874967902502616
acc = 0.9755400131380656
