auc = 0.8299066450403109
f1 = 0.7010687022900763
acc = 0.7603192479067717
