auc = 0.8234278293413685
f1 = 0.7010409101912369
acc = 0.7581158497772119
