auc = 0.8297081318441597
f1 = 0.6954267728198482
acc = 0.7583606717916075
