auc = 0.9110153868120238
f1 = 0.6595855824481979
acc = 0.8998565720725336
