auc = 0.8939165830368777
f1 = 0.9498129747343781
acc = 0.9100592202664912
