auc = 0.8678009126984466
f1 = 0.9851843072182055
acc = 0.9710189729124
