auc = 0.8305268916528337
f1 = 0.7121366496853461
acc = 0.7648239729716496
