auc = 0.9041535179177094
f1 = 0.985550436231742
acc = 0.9715213107152517
