auc = 0.9031175406674871
f1 = 0.9519857735625371
acc = 0.9133903602566211
