auc = 0.9458910150584321
f1 = 0.9872126805937111
acc = 0.9749990339657637
