auc = 0.8252251557823153
f1 = 0.6966041937279644
acc = 0.7598296038779807
