auc = 0.9382538800499978
f1 = 0.9865230174233903
acc = 0.973607944665559
