auc = 0.8340220055150129
f1 = 0.7051868105077101
acc = 0.76315918327376
