auc = 0.8899546592216651
f1 = 0.657782333845891
acc = 0.8973978076016802
