auc = 0.8133613093067181
f1 = 0.6856826704370812
acc = 0.7496450080791265
