auc = 0.8508894768390561
f1 = 0.9436203151716809
acc = 0.899654548445468
