auc = 0.9055309526736419
f1 = 0.6452642781128061
acc = 0.8975514803811085
