auc = 0.9125309041889971
f1 = 0.6318904920458749
acc = 0.898063722979203
