auc = 0.9434486086135567
f1 = 0.9873197708868261
acc = 0.9751922408130144
