auc = 0.9465712446230595
f1 = 0.9874516612737747
acc = 0.9754240890297152
