auc = 0.9041006270171713
f1 = 0.6524921575461834
acc = 0.8978588259399651
