auc = 0.9442508393638741
f1 = 0.9871185370761248
acc = 0.974767185749063
