auc = 0.9089830498445056
f1 = 0.6456776947705444
acc = 0.8979612744595841
