auc = 0.9305640840074946
f1 = 0.985435656179555
acc = 0.971289462498551
