auc = 0.8989411831627716
f1 = 0.6374350086655113
acc = 0.8928388484786395
