auc = 0.889041382217054
f1 = 0.6302204696182112
acc = 0.8943243520131134
