auc = 0.835554303594497
f1 = 0.697974903714747
acc = 0.7619350732017823
