auc = 0.7883144638346917
f1 = 0.6903256590719313
acc = 0.745776820251677
