auc = 0.8290451957401078
f1 = 0.6894005756476036
acc = 0.7569407041081134
