auc = 0.8911297307215535
f1 = 0.9503144219473431
acc = 0.9112929758183912
