auc = 0.8284182294403134
f1 = 0.689263420724095
acc = 0.7562552024678059
