auc = 0.8478462876839068
f1 = 0.9441753171856978
acc = 0.9004770521467347
