auc = 0.9009686691913602
f1 = 0.951449209106702
acc = 0.9126501069254812
