auc = 0.9465869331670169
f1 = 0.9872422782210285
acc = 0.9750376753352139
