auc = 0.8928145126426297
f1 = 0.95084150345556
acc = 0.9119509787794045
