auc = 0.830775651554025
f1 = 0.7066884967558063
acc = 0.76315918327376
