auc = 0.9061264739141158
f1 = 0.6006499713247945
acc = 0.8929925212580678
