auc = 0.9066480499514673
f1 = 0.9870550801399237
acc = 0.9746899030101627
