auc = 0.8276553550307815
f1 = 0.6925719997501094
acc = 0.759046173431915
