auc = 0.9444981614954084
f1 = 0.9872753457357611
acc = 0.975076316704664
