auc = 0.8850080324167572
f1 = 0.6377158488630534
acc = 0.8914557934637845
