auc = 0.9391800931331941
f1 = 0.987606078547464
acc = 0.9757332199853163
