auc = 0.831937621824765
f1 = 0.7031087766444757
acc = 0.7619840376046614
