auc = 0.928133296723161
f1 = 0.9859856496214742
acc = 0.9726032690598555
