auc = 0.8339157850928657
f1 = 0.9429931498897015
acc = 0.899037670669518
