auc = 0.8979185771016566
f1 = 0.6553711790393014
acc = 0.8989345353959636
