auc = 0.8305523777710797
f1 = 0.691514770584538
acc = 0.7596827106693433
