auc = 0.8857434399397561
f1 = 0.9851879684379141
acc = 0.9710576142818501
