auc = 0.9423945312198811
f1 = 0.9872397582269979
acc = 0.9750376753352139
