auc = 0.8996265727922498
f1 = 0.6429959371135843
acc = 0.8964757709251101
