auc = 0.943742407387259
f1 = 0.986987856649225
acc = 0.9745353375323621
