auc = 0.8991401213522787
f1 = 0.9516287351336544
acc = 0.9128557328507978
