auc = 0.9008474123325084
f1 = 0.6565276828434723
acc = 0.8970392377830141
