auc = 0.8054290544669607
f1 = 0.6988348828998471
acc = 0.7494001860647309
