auc = 0.9443618906955048
f1 = 0.9872817758116755
acc = 0.9751149580741142
