auc = 0.9012168462819995
f1 = 0.9509857863365428
acc = 0.9120743543345945
