auc = 0.9253785115566204
f1 = 0.987091188161675
acc = 0.9746512616407126
