auc = 0.9451328782192034
f1 = 0.9875485920634608
acc = 0.9756172958769659
