auc = 0.8251180205943807
f1 = 0.6946159017295116
acc = 0.7553248788131028
