auc = 0.8859868533214308
f1 = 0.9851678993790294
acc = 0.9710189729124
