auc = 0.9434001775964594
f1 = 0.9865817960354413
acc = 0.973607944665559
