auc = 0.9319120137193907
f1 = 0.9855825483391174
acc = 0.971907724409753
