auc = 0.831307758268502
f1 = 0.6853527364757988
acc = 0.7565000244822014
