auc = 0.9044578099600441
f1 = 0.6516308119361555
acc = 0.8971416863026329
