auc = 0.8356471618816488
f1 = 0.7024530303976031
acc = 0.7665866914752975
