auc = 0.9124157531574193
f1 = 0.657413914265636
acc = 0.9001126933715807
