auc = 0.903065220477951
f1 = 0.9518994260726975
acc = 0.9131436091462412
