auc = 0.8890261045962492
f1 = 0.9495300601431543
acc = 0.9092367165652245
