auc = 0.8313323338204295
f1 = 0.69425
acc = 0.7604661411154091
