auc = 0.8871793523367689
f1 = 0.6622583926754833
acc = 0.8979612744595841
