auc = 0.9097428653127106
f1 = 0.6423829176386148
acc = 0.8979100501997747
