auc = 0.9334273235965126
f1 = 0.985435656179555
acc = 0.971289462498551
