auc = 0.8276048551201338
f1 = 0.6922884951335163
acc = 0.7585075650002449
