auc = 0.909342342060315
f1 = 0.6759960487323016
acc = 0.8991906566950107
