auc = 0.8834069510946458
f1 = 0.6484890587009379
acc = 0.8963220981456818
