auc = 0.9100908858030089
f1 = 0.6539804469273743
acc = 0.8984735170576785
