auc = 0.8994688415851624
f1 = 0.9500551369233597
acc = 0.9105938476723145
