auc = 0.8397715160247499
f1 = 0.7094778520168274
acc = 0.7700631640797141
