auc = 0.8367836216874498
f1 = 0.6964330256921926
acc = 0.7616412867845077
