auc = 0.9450084943024349
f1 = 0.9874815179891573
acc = 0.9754627303991653
