auc = 0.8840162325221688
f1 = 0.9495917805705898
acc = 0.9096068432307945
