auc = 0.8352619874595054
f1 = 0.7078338781934859
acc = 0.7636977917054302
