auc = 0.940400774296575
f1 = 0.9871540141246827
acc = 0.974767185749063
