auc = 0.8393845302086463
f1 = 0.7033379172396549
acc = 0.7676149439357587
