auc = 0.8281488284127856
f1 = 0.6896029291080109
acc = 0.7592420310434315
