auc = 0.9057055069394125
f1 = 0.647749167980382
acc = 0.8969880135232046
