auc = 0.5
f1 = 0.9852572145545797
acc = 0.9709428129829984
