auc = 0.8383951828607072
f1 = 0.6951389770275417
acc = 0.7647750085687705
