auc = 0.904302840436652
f1 = 0.6594650205761317
acc = 0.8982686200184408
