auc = 0.9420742011371999
f1 = 0.9872159090909091
acc = 0.9749603925963136
