auc = 0.9077257800110407
f1 = 0.6496568713707549
acc = 0.8980124987193935
