auc = 0.9464106646116994
f1 = 0.9872022751510843
acc = 0.9749603925963136
