auc = 0.8357315816050022
f1 = 0.7066935139422783
acc = 0.7646281153601332
