auc = 0.9422826499482118
f1 = 0.9870104348851376
acc = 0.9744580547934619
