auc = 0.9110838761450204
f1 = 0.6618055555555555
acc = 0.9002151418911997
