auc = 0.9302379443445423
f1 = 0.9862829584535716
acc = 0.9731828896016075
