auc = 0.893913172781713
f1 = 0.6469594594594595
acc = 0.8929412969982584
