auc = 0.8329208386754037
f1 = 0.7029979366427964
acc = 0.7603682123096509
