auc = 0.8320104184368742
f1 = 0.711177347242921
acc = 0.7627674680507271
