auc = 0.9437525005290197
f1 = 0.9859182552757512
acc = 0.9722554967348043
