auc = 0.9125857548295667
f1 = 0.6441473988439307
acc = 0.8990882081753918
