auc = 0.8567193807856671
f1 = 0.9470766245466515
acc = 0.9057822010199046
