auc = 0.8935244490228685
f1 = 0.9505175747924013
acc = 0.9105527224872512
