auc = 0.9105073765378603
f1 = 0.6510078878177037
acc = 0.8980124987193935
