auc = 0.8251035927441012
f1 = 0.7032676597789523
acc = 0.7581158497772119
