auc = 0.8374398137575372
f1 = 0.7062881074090043
acc = 0.7664887626695392
