auc = 0.9132279473128434
f1 = 0.6561614730878186
acc = 0.9005224874500564
