auc = 0.9445272093967633
f1 = 0.9874249729410607
acc = 0.9753081649213649
