auc = 0.9363800093038955
f1 = 0.9859541745134965
acc = 0.9723327794737046
