auc = 0.8998072725307942
f1 = 0.9516850853959266
acc = 0.9129791084059878
