auc = 0.8823541343982203
f1 = 0.9476248477466505
acc = 0.9062757032406645
