auc = 0.907965025009678
f1 = 0.6561525129982669
acc = 0.8983710685380596
