auc = 0.8291647915655265
f1 = 0.6900584795321638
acc = 0.7586544582088821
