auc = 0.9089995708918046
f1 = 0.651953056577334
acc = 0.8982173957586312
