auc = 0.8743493516850066
f1 = 0.9468429324211889
acc = 0.9054120743543346
