auc = 0.9432749369673926
f1 = 0.9857641476136318
acc = 0.9719463657792032
