auc = 0.8150503903505292
f1 = 0.6883578431372549
acc = 0.7509670469568623
