auc = 0.8966180101128325
f1 = 0.9494350218518601
acc = 0.9081674617535779
