auc = 0.8281507323241792
f1 = 0.696954752804833
acc = 0.7592909954463105
