auc = 0.8135794264600833
f1 = 0.6855913978494624
acc = 0.7494491504676101
