auc = 0.8250976424123287
f1 = 0.6805271238485159
acc = 0.7554717720217402
