auc = 0.8850535368173078
f1 = 0.9494991174380488
acc = 0.9094012173054778
