auc = 0.9003893346393822
f1 = 0.9510588342565365
acc = 0.9117042276690245
