auc = 0.9099845918089203
f1 = 0.6592217763043098
acc = 0.8999590205921525
