auc = 0.8297405324232214
f1 = 0.6705331839451658
acc = 0.7552269500073446
