auc = 0.9446360654031304
f1 = 0.9873731901900915
acc = 0.9752308821824646
