auc = 0.9002899736485942
f1 = 0.9513528348923908
acc = 0.9125267313702912
