auc = 0.8355318754208934
f1 = 0.7021421918658801
acc = 0.7651177593889242
