auc = 0.910403010476501
f1 = 0.6558452771542049
acc = 0.8979100501997747
