auc = 0.9031594045322071
f1 = 0.6331838565022421
acc = 0.8952463886896834
