auc = 0.9399508932510774
f1 = 0.985435656179555
acc = 0.971289462498551
