auc = 0.9436273134444717
f1 = 0.9864896708820988
acc = 0.9734147378183082
