auc = 0.9127286413686262
f1 = 0.6555711282410651
acc = 0.8992931052146297
