auc = 0.8220031387756632
f1 = 0.7024390243902439
acc = 0.7580668853743329
