auc = 0.8281154393579875
f1 = 0.6886673397274103
acc = 0.7584096361944866
