auc = 0.9010910195878599
f1 = 0.9513414773375956
acc = 0.9123622306300379
