auc = 0.9115211255614866
f1 = 0.6600625651720543
acc = 0.8998053478127241
