auc = 0.8999989655149441
f1 = 0.9510798914406915
acc = 0.9117864780391511
