auc = 0.9370709209999889
f1 = 0.9868576841108218
acc = 0.9742648479462113
