auc = 0.7959723022281606
f1 = 0.690818089733659
acc = 0.7459237134603144
