auc = 0.9068850677219776
f1 = 0.6530190951316016
acc = 0.8966806679643479
