auc = 0.8281977944817733
f1 = 0.7030045523520485
acc = 0.76041717671253
