auc = 0.8987615181583148
f1 = 0.949813279897987
acc = 0.9093600921204146
