auc = 0.9009553217364655
f1 = 0.9511823209449464
acc = 0.9117864780391511
