auc = 0.9090211599206837
f1 = 0.6202297147091514
acc = 0.8949902673906363
