auc = 0.890993696700717
f1 = 0.9498074807480749
acc = 0.9099358447113012
