auc = 0.9109294220095855
f1 = 0.6478822684852835
acc = 0.8994980022538674
