auc = 0.8309807334879511
f1 = 0.6958516773113412
acc = 0.7598296038779807
