auc = 0.8372120991377863
f1 = 0.710836812488655
acc = 0.7659991186407482
