auc = 0.9341706286040816
f1 = 0.9868316988294843
acc = 0.9742648479462113
