auc = 0.9094820599178587
f1 = 0.6368573497465604
acc = 0.8972441348222518
