auc = 0.8373709905257278
f1 = 0.7012119713084344
acc = 0.7634040052881556
