auc = 0.8350707012532845
f1 = 0.9827654673973474
acc = 0.9664592913172843
