auc = 0.8912353261274497
f1 = 0.9496614254562149
acc = 0.9098124691561112
