auc = 0.8975956137711384
f1 = 0.9452887537993921
acc = 0.8993255469649614
