auc = 0.8318694803003603
f1 = 0.70441400304414
acc = 0.762277824021936
