auc = 0.8572462401494091
f1 = 0.616142735768904
acc = 0.884284397090462
