auc = 0.8040358685220146
f1 = 0.6962585652780304
acc = 0.7547373059785536
