auc = 0.9101901647943449
f1 = 0.5702713649250709
acc = 0.8913021206843561
