auc = 0.8100006330140184
f1 = 0.7012756909992912
acc = 0.7523380502374774
