auc = 0.8339103856662253
f1 = 0.6961985939152616
acc = 0.7609068207413211
