auc = 0.9429127350711458
f1 = 0.98667931538796
acc = 0.9739557169906101
