auc = 0.9059893520848017
f1 = 0.6483842794759825
acc = 0.8968855650035857
