auc = 0.8375469927695192
f1 = 0.7079970652971388
acc = 0.7661460118493855
