auc = 0.9420059318759516
f1 = 0.985435656179555
acc = 0.971289462498551
