auc = 0.9005595204194514
f1 = 0.9505077596680651
acc = 0.9112107254482645
