auc = 0.9462532437269384
f1 = 0.9875913851017586
acc = 0.9757332199853163
