auc = 0.9292357515894156
f1 = 0.9862797354654033
acc = 0.9731442482321574
