auc = 0.826392326506683
f1 = 0.6856746357156374
acc = 0.7560103804534104
