auc = 0.8660376844722173
f1 = 0.9441435577973548
acc = 0.9011761802928113
