auc = 0.907495201165464
f1 = 0.6438777355760535
acc = 0.8991394324352013
