auc = 0.9441458921073667
f1 = 0.9863761287789555
acc = 0.9731828896016075
