auc = 0.8309094366321318
f1 = 0.7053093620347544
acc = 0.7600254614894971
