auc = 0.8896352283449271
f1 = 0.9493929448486379
acc = 0.9093189669353512
