auc = 0.9378325650051874
f1 = 0.9871098916283385
acc = 0.974767185749063
