auc = 0.8291356631820055
f1 = 0.6917189460476788
acc = 0.7593889242520687
