auc = 0.8994067266405175
f1 = 0.9508370125091979
acc = 0.9120743543345945
