auc = 0.8320595695407289
f1 = 0.7058394160583942
acc = 0.7632081476766391
