auc = 0.9120219872137973
f1 = 0.6606958318980365
acc = 0.8990882081753918
