auc = 0.9339703721044195
f1 = 0.9865467298052346
acc = 0.9737625101433595
