auc = 0.9354700737543618
f1 = 0.9865547216886794
acc = 0.9737625101433595
