auc = 0.8257691485523213
f1 = 0.701890450799806
acc = 0.7590951378347941
