auc = 0.8561629515970401
f1 = 0.9466388193982236
acc = 0.9043839447277513
