auc = 0.8993261682178441
f1 = 0.9500401975422074
acc = 0.9105527224872512
