auc = 0.8978383197436346
f1 = 0.6430658188692215
acc = 0.8936072123757812
