auc = 0.8854973360169139
f1 = 0.6272566371681415
acc = 0.8921217088413073
