auc = 0.9100679033178005
f1 = 0.6380677721701513
acc = 0.8971416863026329
