auc = 0.9071768727480408
f1 = 0.6097886116930109
acc = 0.8950414916504457
