auc = 0.9100497406644152
f1 = 0.650968079539508
acc = 0.897500256121299
