auc = 0.9095813293649735
f1 = 0.6530825496342738
acc = 0.8979612744595841
