auc = 0.8299472115002091
f1 = 0.6862732643079464
acc = 0.7581648141800911
