auc = 0.8997399775206549
f1 = 0.9497282608695652
acc = 0.9087020891594012
