auc = 0.8272354719630787
f1 = 0.7070291855070762
acc = 0.7557165940361358
