auc = 0.9095585663968578
f1 = 0.6589498406307668
acc = 0.8958610798073968
