auc = 0.9122901512033736
f1 = 0.6344802071772105
acc = 0.8987808626165352
