auc = 0.9425904238412751
f1 = 0.9874851954204501
acc = 0.9755013717686155
