auc = 0.9014756356307092
f1 = 0.9519305460360977
acc = 0.9134726106267478
