auc = 0.830958704600113
f1 = 0.69360185127275
acc = 0.7601233902952553
