auc = 0.8984403388172348
f1 = 0.9510164039150373
acc = 0.9117042276690245
