auc = 0.8870226416842653
f1 = 0.9502077546429145
acc = 0.9107994735976311
