auc = 0.9405933471578142
f1 = 0.985435656179555
acc = 0.971289462498551
