auc = 0.9423306793814195
f1 = 0.9868679720059762
acc = 0.974187565207311
