auc = 0.934588704205515
f1 = 0.985435656179555
acc = 0.971289462498551
