auc = 0.9438466853372833
f1 = 0.9875628264511679
acc = 0.9756172958769659
