auc = 0.9018921724901301
f1 = 0.951328344889133
acc = 0.9125267313702912
