auc = 0.9441941089463897
f1 = 0.9869543007583795
acc = 0.9743421306851114
