auc = 0.917253371805427
f1 = 0.9859555555555555
acc = 0.9725259863209552
