auc = 0.9050843880970578
f1 = 0.653061224489796
acc = 0.8963733224054913
