auc = 0.9110129053144514
f1 = 0.659466991813273
acc = 0.8998565720725336
