auc = 0.8364940908141388
f1 = 0.7141222523336345
acc = 0.7675659795328796
