auc = 0.9312868279199112
f1 = 0.9865949622365454
acc = 0.9738011515128097
