auc = 0.91363512773152
f1 = 0.9864600423000138
acc = 0.9735306619266587
