auc = 0.91101662756081
f1 = 0.6597004528039011
acc = 0.899907796332343
