auc = 0.9097418249925745
f1 = 0.6421952957947257
acc = 0.8971416863026329
