auc = 0.9009089227132394
f1 = 0.951197137877259
acc = 0.9124856061852278
