auc = 0.8158355176374749
f1 = 0.6933542964261958
acc = 0.751701513000049
