auc = 0.9107288120193052
f1 = 0.6488603988603988
acc = 0.898985759655773
