auc = 0.9074753014637782
f1 = 0.6552831783601015
acc = 0.8955537342485401
