auc = 0.8289220939908954
f1 = 0.6970367638017951
acc = 0.7587034226117613
