auc = 0.9049891940324947
f1 = 0.6438476391083026
acc = 0.8960659768466346
