auc = 0.8303598100373625
f1 = 0.6923461730865433
acc = 0.7590951378347941
