auc = 0.918758454679491
f1 = 0.9862623786839557
acc = 0.9731442482321574
