auc = 0.8792648976697162
f1 = 0.9473828196242933
acc = 0.9050830728738279
