auc = 0.8397029800839181
f1 = 0.7071095932940081
acc = 0.7690349116192527
