auc = 0.8242403271805994
f1 = 0.7095311940832636
acc = 0.7615433579787495
