auc = 0.8984544426533745
f1 = 0.9504636127280676
acc = 0.9114574765586445
