auc = 0.9089451401969776
f1 = 0.6458001768346595
acc = 0.8973978076016802
