auc = 0.900941179699253
f1 = 0.9511436413540713
acc = 0.9121566047047212
