auc = 0.8792421451106569
f1 = 0.947426017965437
acc = 0.9051653232439546
