auc = 0.8342217165684602
f1 = 0.7021224086870682
acc = 0.763599862899672
