auc = 0.942568256410564
f1 = 0.9869503321733628
acc = 0.974496696162912
