auc = 0.8882216481266985
f1 = 0.6502157031924073
acc = 0.8961684253662534
