auc = 0.9103708559944964
f1 = 0.6437071763433105
acc = 0.8987808626165352
