auc = 0.8915802436152713
f1 = 0.9480212233272849
acc = 0.9069337062016779
