auc = 0.8343355665743277
f1 = 0.7135887672536886
acc = 0.7642853645399794
