auc = 0.8968996455657928
f1 = 0.6303630363036304
acc = 0.8967318922241574
