auc = 0.9033089911147116
f1 = 0.6312184571016582
acc = 0.895195164429874
