auc = 0.8311053398627918
f1 = 0.6941307854572527
acc = 0.7586054938060031
