auc = 0.900380578953458
f1 = 0.9510262791387931
acc = 0.9117864780391511
