auc = 0.9081029867304781
f1 = 0.6541637990364763
acc = 0.8970392377830141
