auc = 0.9092102977568026
f1 = 0.6570595299365243
acc = 0.897602704640918
