auc = 0.9404615473252157
f1 = 0.9865714905448307
acc = 0.9736852274044592
