auc = 0.8371613460215312
f1 = 0.7018858498813538
acc = 0.7662439406551437
