auc = 0.8299769826364254
f1 = 0.6958039778041025
acc = 0.7611026783528375
