auc = 0.8746514839711048
f1 = 0.9471717264925718
acc = 0.905823326204968
