auc = 0.9131038628900056
f1 = 0.647806624888093
acc = 0.8992418809548202
