auc = 0.9356170802302499
f1 = 0.9866445064403159
acc = 0.97391707562116
