auc = 0.8321791069340843
f1 = 0.6931839402427639
acc = 0.7586544582088821
