auc = 0.8178230404442395
f1 = 0.7004775433718189
acc = 0.7573813837340254
