auc = 0.9401119016185865
f1 = 0.9873932171957307
acc = 0.9753081649213649
