auc = 0.897338360105562
f1 = 0.9500330680289174
acc = 0.9098947195262379
