auc = 0.8375773725730609
f1 = 0.7086169886537873
acc = 0.7673701219213632
