auc = 0.912693938579499
f1 = 0.6502849002849004
acc = 0.8993955537342485
