auc = 0.9464543569388985
f1 = 0.9872612722927735
acc = 0.975076316704664
