auc = 0.8823955825623898
f1 = 0.9511330635018638
acc = 0.9121154795196579
