auc = 0.9103184104977272
f1 = 0.6583028402160656
acc = 0.8995492265136769
