auc = 0.9369757991626494
f1 = 0.986455716080402
acc = 0.973337455079408
