auc = 0.8848418723122108
f1 = 0.949688678816525
acc = 0.9089488402697812
