auc = 0.8310111912009104
f1 = 0.7081513828238719
acc = 0.7643832933457376
