auc = 0.8261157383353777
f1 = 0.6627659574468087
acc = 0.7516525485971699
