auc = 0.8322563687296918
f1 = 0.6979263964132263
acc = 0.7624736816334525
