auc = 0.8393275102536097
f1 = 0.7092554101968457
acc = 0.7671252999069677
