auc = 0.830752015784448
f1 = 0.6912032102326164
acc = 0.7588503158203985
