auc = 0.898922795448168
f1 = 0.9508772730383993
acc = 0.9114574765586445
