auc = 0.8965178927407997
f1 = 0.9503269473442699
acc = 0.9109639743378846
