auc = 0.9434162141797878
f1 = 0.9876801166939346
acc = 0.9758491440936666
