auc = 0.9214639253443769
f1 = 0.9866861567635904
acc = 0.9739557169906101
