auc = 0.9306228223444275
f1 = 0.9866687733296466
acc = 0.97391707562116
