auc = 0.8970079743058973
f1 = 0.9507442982655802
acc = 0.9110050995229478
