auc = 0.9438922784948937
f1 = 0.9872127793515896
acc = 0.9748831098574133
