auc = 0.832075901302402
f1 = 0.6873398257303946
acc = 0.7610537139499584
