auc = 0.9026022224292258
f1 = 0.6498541773889175
acc = 0.8954512857289212
