auc = 0.9078920976137155
f1 = 0.5762029394000402
acc = 0.8921729331011167
