auc = 0.9374376741803191
f1 = 0.985435656179555
acc = 0.971289462498551
