auc = 0.9431992250180553
f1 = 0.9874637237675953
acc = 0.9754627303991653
