auc = 0.9410552221754839
f1 = 0.9877224444751
acc = 0.9759264268325669
