auc = 0.9434539630654194
f1 = 0.9871237854490876
acc = 0.974805827118513
