auc = 0.9002949832518004
f1 = 0.6537530266343826
acc = 0.8974490318614896
