auc = 0.9209011189090968
f1 = 0.9855026601530824
acc = 0.9716758761930523
