auc = 0.8989345537384272
f1 = 0.9464810206049192
acc = 0.9018341832538247
