auc = 0.8069291175248958
f1 = 0.6945626477541371
acc = 0.7469519659207756
