auc = 0.8370546857164237
f1 = 0.6092139175257733
acc = 0.8757299457022846
