auc = 0.8278772313135478
f1 = 0.7020100807675957
acc = 0.7597316750722225
