auc = 0.9398723969867716
f1 = 0.986892011398251
acc = 0.9742262065767611
