auc = 0.8756983920159881
f1 = 0.9464730290456432
acc = 0.9045073202829412
