auc = 0.9454365024120733
f1 = 0.9874896404751569
acc = 0.9755013717686155
