auc = 0.896242335035768
f1 = 0.6645117386866282
acc = 0.898985759655773
