auc = 0.8975071018850731
f1 = 0.9501259445843828
acc = 0.9104293469320612
