auc = 0.9105710078621478
f1 = 0.6353540870198434
acc = 0.8973978076016802
