auc = 0.8319842019178377
f1 = 0.695581728672026
acc = 0.7608088919355629
