auc = 0.8334840069008267
f1 = 0.6985806772908367
acc = 0.7629143612593644
