auc = 0.8188736002477519
f1 = 0.7077309116979329
acc = 0.7604661411154091
