auc = 0.9409266617862623
f1 = 0.985435656179555
acc = 0.971289462498551
