auc = 0.9101000918395585
f1 = 0.985807471832378
acc = 0.9722554967348043
