auc = 0.8384362995558676
f1 = 0.7120937537755224
acc = 0.7666356558781766
