auc = 0.8171004305956127
f1 = 0.7020017926501344
acc = 0.755814522841894
