auc = 0.8792492810710872
f1 = 0.9474356051971735
acc = 0.9051653232439546
