auc = 0.9352338888827015
f1 = 0.9865868880391496
acc = 0.9738397928822597
