auc = 0.8993545974563464
f1 = 0.951697247706422
acc = 0.9133903602566211
