auc = 0.9020946076159982
f1 = 0.9506489932578086
acc = 0.9114986017437079
