auc = 0.9106169728325647
f1 = 0.6407942238267148
acc = 0.898063722979203
