auc = 0.9449853630703884
f1 = 0.9874131944444444
acc = 0.9753468062908149
