auc = 0.822389866516821
f1 = 0.6928610957387935
acc = 0.755422807618861
