auc = 0.8985925013310783
f1 = 0.9504574565416286
acc = 0.9109228491528212
