auc = 0.8332358800136537
f1 = 0.6985610166324052
acc = 0.7630612544680018
