auc = 0.942085739980964
f1 = 0.9869468196449377
acc = 0.9744580547934619
