auc = 0.91174981465122
f1 = 0.6541300527240773
acc = 0.8991906566950107
