auc = 0.9054155821249713
f1 = 0.654494382022472
acc = 0.8991906566950107
