auc = 0.9436957968837947
f1 = 0.9860729697920753
acc = 0.9725646276904053
