auc = 0.9435074808117863
f1 = 0.9872237909993878
acc = 0.9749990339657637
