auc = 0.8387351454739254
f1 = 0.7029345933847302
acc = 0.7660480830436273
