auc = 0.8348774168353488
f1 = 0.7076717973578961
acc = 0.7637957205111884
