auc = 0.8925005838651991
f1 = 0.9509046276934265
acc = 0.9111696002632012
