auc = 0.9011817547763717
f1 = 0.9510346240524483
acc = 0.9115397269287712
