auc = 0.9505692027034349
f1 = 0.9874567901234568
acc = 0.9754636785162287
