auc = 0.9472810307619685
f1 = 0.9873627675539057
acc = 0.9752695235519147
