auc = 0.9102578524127409
f1 = 0.6333944954128441
acc = 0.8976539289007274
