auc = 0.8224855977137482
f1 = 0.7030765561650371
acc = 0.7561572736620477
