auc = 0.9093700966562391
f1 = 0.6580690135935866
acc = 0.8994980022538674
