auc = 0.938825601647629
f1 = 0.9859778889701957
acc = 0.9726032690598555
