auc = 0.9392317635936682
f1 = 0.9869184032931585
acc = 0.9744580547934619
