auc = 0.901215524524875
f1 = 0.9516489531542216
acc = 0.9128146076657345
