auc = 0.9037857767564748
f1 = 0.9520897974082861
acc = 0.9136371113670011
