auc = 0.8385673139803094
f1 = 0.7048009440407429
acc = 0.7672721931156049
