auc = 0.838589839540685
f1 = 0.7028535980148884
acc = 0.765460510209078
