auc = 0.9120656424826276
f1 = 0.64226168901776
acc = 0.898883311136154
