auc = 0.9011404212154213
f1 = 0.9509986012703217
acc = 0.9121154795196579
