auc = 0.8977949087688089
f1 = 0.9498783897438228
acc = 0.9093189669353512
