auc = 0.8365265303479094
f1 = 0.6999125109361329
acc = 0.7648729373745288
