auc = 0.8792748452291168
f1 = 0.9474643874643874
acc = 0.905206448429018
