auc = 0.9093358138128554
f1 = 0.6468494126023496
acc = 0.8983710685380596
