auc = 0.901259631483723
f1 = 0.9509119619195825
acc = 0.9117864780391511
