auc = 0.9407281454834555
f1 = 0.9876455496348923
acc = 0.9758105027242165
