auc = 0.8508934344702155
f1 = 0.9458315216147561
acc = 0.9026566869550913
