auc = 0.8051933687399175
f1 = 0.690059185892016
acc = 0.7487146844244235
