auc = 0.8303866060076925
f1 = 0.7023794996949358
acc = 0.7611516427557166
