auc = 0.8996800553175986
f1 = 0.9509114494435721
acc = 0.9112929758183912
