auc = 0.9059722679284381
f1 = 0.6506359993030144
acc = 0.8972953590820613
