auc = 0.8991395101351114
f1 = 0.9514771791822921
acc = 0.9127323572956079
