auc = 0.837938959919013
f1 = 0.7018541409147095
acc = 0.7637957205111884
