auc = 0.9000205414809561
f1 = 0.9505813286857615
acc = 0.9113752261885179
