auc = 0.9066661900918764
f1 = 0.6546463245492371
acc = 0.8979612744595841
