auc = 0.8369808980715958
f1 = 0.71228112257136
acc = 0.7650687949860452
