auc = 0.8316431144874024
f1 = 0.6996667078138501
acc = 0.7617392155902659
