auc = 0.7878666989341505
f1 = 0.6865725013409618
acc = 0.7424962052587769
