auc = 0.9356790847828191
f1 = 0.985435656179555
acc = 0.971289462498551
