auc = 0.9290359769904212
f1 = 0.987142772500148
acc = 0.9748444684879632
