auc = 0.9393984209078923
f1 = 0.9864146018311614
acc = 0.9734533791877584
