auc = 0.906871448117994
f1 = 0.6352643927088972
acc = 0.8964757709251101
