auc = 0.8375101270069587
f1 = 0.7103963377906276
acc = 0.764579150957254
