auc = 0.9434515267898218
f1 = 0.9876557793396727
acc = 0.9757718613547665
