auc = 0.9035277542141554
f1 = 0.642169728783902
acc = 0.8952463886896834
