auc = 0.9013025007278068
f1 = 0.9517392595299545
acc = 0.9131024839611779
