auc = 0.9436557455838623
f1 = 0.9861094761624485
acc = 0.9726419104293056
