auc = 0.9000832065210516
f1 = 0.9508653363167269
acc = 0.9114986017437079
