auc = 0.9102035362485712
f1 = 0.6540003486142584
acc = 0.8983198442782502
