auc = 0.8987192066498961
f1 = 0.9501775283472683
acc = 0.9105527224872512
