auc = 0.8845537139786039
f1 = 0.9504738959474509
acc = 0.9103882217469978
