auc = 0.8319798779451586
f1 = 0.7004329004329004
acc = 0.7628164324536062
