auc = 0.9025361000631446
f1 = 0.6428571428571427
acc = 0.8949902673906363
