auc = 0.9104254966621947
f1 = 0.6610761705101328
acc = 0.9006249359696752
