auc = 0.9093354129555553
f1 = 0.6582061395986967
acc = 0.8979100501997747
