auc = 0.8318496426148932
f1 = 0.695781822699882
acc = 0.7602213191010135
