auc = 0.830268699842769
f1 = 0.6910030893386293
acc = 0.7600254614894971
