auc = 0.8324619035121079
f1 = 0.6968905472636815
acc = 0.761347500367233
