auc = 0.8169162283856146
f1 = 0.7007607776838547
acc = 0.7573324193311463
