auc = 0.8380712208941372
f1 = 0.7091672242837155
acc = 0.76590118983499
