auc = 0.8353035326564628
f1 = 0.6866902997099582
acc = 0.7619840376046614
