auc = 0.8957720397117573
f1 = 0.9493785720765671
acc = 0.9082085869386413
