auc = 0.8028968133587382
f1 = 0.697826213648814
acc = 0.7461195710718308
