auc = 0.9001251283785257
f1 = 0.9509394333721435
acc = 0.9116219772988978
