auc = 0.8305745381310602
f1 = 0.6866958230335298
acc = 0.7579689565685747
