auc = 0.8356145616597043
f1 = 0.7125662012518055
acc = 0.7661460118493855
