auc = 0.8245503677081045
f1 = 0.6700760555992656
acc = 0.7536111247123342
