auc = 0.8258898302402483
f1 = 0.6842005196780531
acc = 0.7560103804534104
