auc = 0.9416963910137734
f1 = 0.9874475338443652
acc = 0.975385447660265
