auc = 0.8737161399656255
f1 = 0.6217543859649123
acc = 0.889560495850835
