auc = 0.8375302276367104
f1 = 0.7052108267354078
acc = 0.7648239729716496
