auc = 0.9407013464518832
f1 = 0.9871361132966169
acc = 0.9747285443796128
