auc = 0.9037878151597359
f1 = 0.6519959058341863
acc = 0.8955025099887307
