auc = 0.9089526801319088
f1 = 0.6461429582448691
acc = 0.8975514803811085
