auc = 0.910347234046452
f1 = 0.6489285714285714
acc = 0.8992931052146297
