auc = 0.9084552066782062
f1 = 0.653993721660272
acc = 0.8983710685380596
