auc = 0.8971285216117527
f1 = 0.9499359326377448
acc = 0.9100180950814278
