auc = 0.7922687709351126
f1 = 0.689708506841166
acc = 0.7446016745825784
