auc = 0.9097524954321357
f1 = 0.6444365192582026
acc = 0.8978588259399651
