auc = 0.9288019874440245
f1 = 0.9854526716346916
acc = 0.9716372348236022
