auc = 0.7898465817486475
f1 = 0.6799784779099658
acc = 0.7378935513881408
