auc = 0.899867714268443
f1 = 0.9498846623546973
acc = 0.9088665898996545
