auc = 0.8883671208071342
f1 = 0.9499403505551985
acc = 0.9102648461918078
