auc = 0.8999763810406057
f1 = 0.9503607241707881
acc = 0.9100180950814278
