auc = 0.9071893756781169
f1 = 0.6210162083409214
acc = 0.8934023153365434
