auc = 0.9002111877557066
f1 = 0.9514589769996566
acc = 0.9127734824806711
