auc = 0.9024577288831307
f1 = 0.9549373308159504
acc = 0.9185343586791134
