auc = 0.909608387232733
f1 = 0.6412404206023882
acc = 0.8968855650035857
