auc = 0.8331360293562686
f1 = 0.7056759046351203
acc = 0.7618371443960241
