auc = 0.9095032671778805
f1 = 0.6305060065526028
acc = 0.8960147525868252
