auc = 0.8985591976356653
f1 = 0.9502925973996401
acc = 0.9102237210067445
