auc = 0.9404426728824
f1 = 0.986335257391919
acc = 0.9731056068627072
