auc = 0.8978690570514383
f1 = 0.9506065061569564
acc = 0.9115808521138345
