auc = 0.8946122092951829
f1 = 0.9505852347770644
acc = 0.9107583484125679
