auc = 0.8972062684354558
f1 = 0.9495938679784921
acc = 0.9094012173054778
