auc = 0.8919213414899522
f1 = 0.6401143061260939
acc = 0.8967831164839668
