auc = 0.8044986407241292
f1 = 0.6882744308124276
acc = 0.7499387944964011
