auc = 0.9293772429798852
f1 = 0.986765316821302
acc = 0.9741489238378608
