auc = 0.8396976043341009
f1 = 0.7035789998752962
acc = 0.7672232287127259
