auc = 0.9430206005039181
f1 = 0.9874755921973926
acc = 0.9754627303991653
