auc = 0.8084140272010992
f1 = 0.6965632858340318
acc = 0.7518484062086863
