auc = 0.8284693574956408
f1 = 0.6927520029811813
acc = 0.7577730989570582
