auc = 0.9015494337988421
f1 = 0.9866060845515607
acc = 0.9738011515128097
