auc = 0.8907606782658227
f1 = 0.6469873241882271
acc = 0.8958610798073968
