auc = 0.8367584764229059
f1 = 0.7097556539137816
acc = 0.7656074034177153
