auc = 0.9070404953679985
f1 = 0.6579269358503758
acc = 0.8997541235529146
