auc = 0.9108765947439591
f1 = 0.6622539035980992
acc = 0.898063722979203
