auc = 0.8951164509545366
f1 = 0.6616541353383459
acc = 0.8962708738858723
