auc = 0.9004307675231225
f1 = 0.9503688646278237
acc = 0.9106349728573778
