auc = 0.8335773375138228
f1 = 0.7099879663056559
acc = 0.7639915781227048
