auc = 0.9026613928171529
f1 = 0.9842666349621528
acc = 0.9693187526565942
