auc = 0.8959306016753545
f1 = 0.5877099723580693
acc = 0.8013523204589693
