auc = 0.9078278077381494
f1 = 0.6248159057437409
acc = 0.8956049585083495
