auc = 0.9448883939471563
f1 = 0.9874052432090967
acc = 0.9753468062908149
