auc = 0.8944960574730109
f1 = 0.6443235655378136
acc = 0.8961684253662534
