auc = 0.9091307848480521
f1 = 0.6241610738255033
acc = 0.8967318922241574
