auc = 0.9434649396917378
f1 = 0.9867879746835443
acc = 0.974187565207311
