auc = 0.9064058523638745
f1 = 0.6489011939781969
acc = 0.8960659768466346
