auc = 0.9217715386038845
f1 = 0.987044136439595
acc = 0.9745353375323621
