auc = 0.9012821777569882
f1 = 0.9508630925198648
acc = 0.9114986017437079
