auc = 0.9400305139502746
f1 = 0.9860912981455064
acc = 0.9728737586460064
