auc = 0.8469046037938084
f1 = 0.7281894934333959
acc = 0.77301214257736
