auc = 0.839533458929807
f1 = 0.7203344914904892
acc = 0.7674680507271214
