auc = 0.8878127641363281
f1 = 0.6374570446735396
acc = 0.8919168118020695
