auc = 0.8792532998239633
f1 = 0.9474284151012221
acc = 0.9051653232439546
