auc = 0.7480923489543339
f1 = 0.6696035242290749
acc = 0.7135582431572247
