auc = 0.9121536592926739
f1 = 0.6558533145275036
acc = 0.9000102448519619
