auc = 0.8368489925581898
f1 = 0.709369842919137
acc = 0.7671742643098467
