auc = 0.8981791810020014
f1 = 0.9498896799581465
acc = 0.9094012173054778
