auc = 0.8306225595483591
f1 = 0.7087112171837708
acc = 0.7609557851442001
