auc = 0.9102765113656408
f1 = 0.6539404553415061
acc = 0.8987808626165352
