auc = 0.8554518004226811
f1 = 0.9454143951418121
acc = 0.9024099358447113
