auc = 0.9058919437608661
f1 = 0.654885654885655
acc = 0.8979612744595841
