auc = 0.8269363825780908
f1 = 0.7056437179334207
acc = 0.7584096361944866
