auc = 0.8342141788323034
f1 = 0.7037603179455824
acc = 0.7627674680507271
