auc = 0.828807002303684
f1 = 0.695797902054497
acc = 0.7600254614894971
