auc = 0.8738682027375384
f1 = 0.98555878227543
acc = 0.9717531589319526
