auc = 0.8365449900105519
f1 = 0.7062361895408791
acc = 0.7656563678205944
