auc = 0.946234235422826
f1 = 0.9874691662555501
acc = 0.9754627303991653
