auc = 0.9084362995755495
f1 = 0.6427556818181819
acc = 0.8969367892633952
