auc = 0.8314910547815202
f1 = 0.7006629902720118
acc = 0.7634529696910346
