auc = 0.9070816023297062
f1 = 0.5407886501147507
acc = 0.8872554041594098
