auc = 0.8888365814330439
f1 = 0.9513125833295022
acc = 0.9128968580358612
