auc = 0.9007671508912434
f1 = 0.9508099067518959
acc = 0.9117042276690245
