auc = 0.9012068834421696
f1 = 0.9511272160172465
acc = 0.9123622306300379
