auc = 0.8868811806437851
f1 = 0.9867217468279729
acc = 0.97391707562116
