auc = 0.8249727195304788
f1 = 0.6996530947599051
acc = 0.7583606717916075
