auc = 0.9098346711786656
f1 = 0.6310768666299762
acc = 0.8969880135232046
