auc = 0.8422398600141545
f1 = 0.9420266357845977
acc = 0.897063661786478
