auc = 0.9231446877840537
f1 = 0.9861177028951117
acc = 0.9728737586460064
