auc = 0.8323751172901936
f1 = 0.7022612299628207
acc = 0.7608088919355629
