auc = 0.8295298897046113
f1 = 0.6930275797954758
acc = 0.7574793125397836
