auc = 0.9396903456234424
f1 = 0.985435656179555
acc = 0.971289462498551
