auc = 0.9439009527069111
f1 = 0.98711872406537
acc = 0.9746899030101627
