auc = 0.9106875141731688
f1 = 0.6552147239263804
acc = 0.8992418809548202
