auc = 0.8352815329846562
f1 = 0.7091315646340727
acc = 0.7643343289428586
