auc = 0.9013663316517688
f1 = 0.6581301526048061
acc = 0.9001639176313903
