auc = 0.9069245521660418
f1 = 0.6382142857142856
acc = 0.8962196496260629
