auc = 0.9418375075926126
f1 = 0.985435656179555
acc = 0.971289462498551
