auc = 0.8308851581098591
f1 = 0.6933064414471195
acc = 0.7617392155902659
