auc = 0.9112486380396017
f1 = 0.6496995404736656
acc = 0.8984735170576785
