auc = 0.8976292765566372
f1 = 0.9507255621113059
acc = 0.9110462247080112
