auc = 0.9240140365884688
f1 = 0.9865262992497151
acc = 0.9734920205572085
