auc = 0.835268561066619
f1 = 0.7080610021786492
acc = 0.7637957205111884
