auc = 0.879742380466262
f1 = 0.6384297520661157
acc = 0.892429054400164
