auc = 0.9435134510256131
f1 = 0.9868605639090315
acc = 0.9743034893156614
