auc = 0.9010401204782384
f1 = 0.9514918542925133
acc = 0.9128146076657345
