auc = 0.8330912217024474
f1 = 0.7038105172731177
acc = 0.763648827302551
