auc = 0.788118507041307
f1 = 0.6868891537544696
acc = 0.7427410272731724
