auc = 0.9109821156561116
f1 = 0.66075465136498
acc = 0.9000614691117713
