auc = 0.8972017530686311
f1 = 0.9479335130278527
acc = 0.9046718210231947
