auc = 0.936775596207506
f1 = 0.9854936093468204
acc = 0.9714053866069013
