auc = 0.8377428278294388
f1 = 0.7135180824729819
acc = 0.7676639083386378
