auc = 0.9009997648647557
f1 = 0.9514209652096749
acc = 0.9121977298897845
