auc = 0.836380795912872
f1 = 0.7093410923198158
acc = 0.7652156881946824
