auc = 0.8359342678243356
f1 = 0.6932411191449229
acc = 0.7611026783528375
