auc = 0.8313652554187217
f1 = 0.6936705690853314
acc = 0.76041717671253
