auc = 0.9077093353175133
f1 = 0.6266156926997998
acc = 0.8949390431308267
