auc = 0.8994279817175165
f1 = 0.949925430469562
acc = 0.9088665898996545
