auc = 0.8910256709987905
f1 = 0.9486180585970816
acc = 0.9083319624938312
