auc = 0.9109698608757929
f1 = 0.650375283644615
acc = 0.8973978076016802
