auc = 0.8991725923556132
f1 = 0.6647593402894648
acc = 0.8979612744595841
