auc = 0.9416184837391723
f1 = 0.9866830243188159
acc = 0.9739943583600603
