auc = 0.8967011891291116
f1 = 0.9495782911624496
acc = 0.9095245928606679
