auc = 0.9004616492705093
f1 = 0.9511571643766833
acc = 0.9119921039644678
