auc = 0.900999138367159
f1 = 0.9508888634017663
acc = 0.9119509787794045
