auc = 0.9096532927945709
f1 = 0.6458222928811165
acc = 0.8972953590820613
