auc = 0.8297474597356107
f1 = 0.9445876288659795
acc = 0.9009705543674946
