auc = 0.8980618502264894
f1 = 0.9489832806145504
acc = 0.9071393321269946
