auc = 0.8071859702668445
f1 = 0.6979382052342412
acc = 0.7496450080791265
