auc = 0.941558781600904
f1 = 0.9871613106490233
acc = 0.974805827118513
