auc = 0.8309662618136241
f1 = 0.694043377711107
acc = 0.7603192479067717
