auc = 0.8283925242018302
f1 = 0.6956631049654305
acc = 0.7629143612593644
