auc = 0.8386974275771097
f1 = 0.7110653254151011
acc = 0.7665377270724184
