auc = 0.9429162957816344
f1 = 0.9869649843697776
acc = 0.9743807720545616
