auc = 0.8147282105618876
f1 = 0.6888805690752526
acc = 0.755863487244773
