auc = 0.9421320559895756
f1 = 0.9869170628216712
acc = 0.9742648479462113
