auc = 0.8390657979117355
f1 = 0.7161217048239583
acc = 0.7674680507271214
