auc = 0.9075067019522896
f1 = 0.6454689984101749
acc = 0.8971929105624423
