auc = 0.8280864667933019
f1 = 0.6916437327995997
acc = 0.7586054938060031
