auc = 0.9000410860179978
f1 = 0.9515277555591105
acc = 0.9127734824806711
