auc = 0.8267947481261568
f1 = 0.6883482394145976
acc = 0.7560103804534104
