auc = 0.8256131349434938
f1 = 0.6884368974311129
acc = 0.7547373059785536
