auc = 0.8379198331569822
f1 = 0.7120247407676914
acc = 0.7674680507271214
