auc = 0.8312582127482206
f1 = 0.6968845601548355
acc = 0.762277824021936
