auc = 0.8308535074089421
f1 = 0.6955225734335218
acc = 0.7599275326837389
