auc = 0.9270374546049571
f1 = 0.985628296374723
acc = 0.9716758761930523
