auc = 0.9105441790557024
f1 = 0.6519823788546255
acc = 0.8988320868763446
