auc = 0.9110449548100203
f1 = 0.6472468916518651
acc = 0.8982686200184408
