auc = 0.8792524899612164
f1 = 0.947310822826657
acc = 0.9049596973186379
