auc = 0.9083189724614852
f1 = 0.659993096306524
acc = 0.8990882081753918
