auc = 0.8966146360253892
f1 = 0.6368911552663972
acc = 0.8942219034934945
