auc = 0.8309818008606531
f1 = 0.9851837218490715
acc = 0.9710189729124
