auc = 0.8383924083893958
f1 = 0.9458087340056511
acc = 0.902985688435598
