auc = 0.8946036781138785
f1 = 0.6270852017937218
acc = 0.8935047638561623
