auc = 0.8387849320543492
f1 = 0.9430095061442152
acc = 0.898914295114328
