auc = 0.8361568063371521
f1 = 0.6946916619327147
acc = 0.76315918327376
