auc = 0.907663952544604
f1 = 0.6304070085782076
acc = 0.8962708738858723
