auc = 0.9010080861554677
f1 = 0.9548305007725165
acc = 0.9182464942221491
