auc = 0.9348928906158305
f1 = 0.9864614170120387
acc = 0.9734920205572085
