auc = 0.8917046850597086
f1 = 0.9840313824939573
acc = 0.9688550562231926
