auc = 0.901683472388295
f1 = 0.9513129102844639
acc = 0.9121566047047212
