auc = 0.8306913681721526
f1 = 0.6969753200964929
acc = 0.7601233902952553
