auc = 0.9459776500895692
f1 = 0.9875456429487812
acc = 0.9756172958769659
