auc = 0.9102845476000864
f1 = 0.638863594973593
acc = 0.8984222927978691
