auc = 0.8797692188169288
f1 = 0.648298755186722
acc = 0.8914557934637845
