auc = 0.9060713219413444
f1 = 0.9862131269884913
acc = 0.9728737586460064
