auc = 0.9000120761231865
f1 = 0.951714357601958
acc = 0.9131847343313045
