auc = 0.833751060907148
f1 = 0.700982512513131
acc = 0.7630612544680018
