auc = 0.7843150076979747
f1 = 0.9388505105482288
acc = 0.8918818884684981
