auc = 0.8377636783373352
f1 = 0.7083713295641073
acc = 0.7651177593889242
