auc = 0.8773511616844558
f1 = 0.6257133266196709
acc = 0.885769900624936
