auc = 0.8985069232874168
f1 = 0.950491885599507
acc = 0.9107994735976311
