auc = 0.8970426990812245
f1 = 0.9475456954237212
acc = 0.9039315676920546
