auc = 0.9090184779944612
f1 = 0.6469651389134666
acc = 0.8978076016801557
