auc = 0.9002237941097858
f1 = 0.9504515720138528
acc = 0.9099769698963646
