auc = 0.9099346373539448
f1 = 0.5669579353789881
acc = 0.8908411023460711
