auc = 0.9008839239310896
f1 = 0.9511024141618695
acc = 0.9116219772988978
