auc = 0.8335304993458044
f1 = 0.7032415902140673
acc = 0.7624247172305734
