auc = 0.9351844940642691
f1 = 0.9865913623886728
acc = 0.9737625101433595
