auc = 0.8864363316163631
f1 = 0.9493939601451757
acc = 0.9088254647145912
