auc = 0.8319132215690275
f1 = 0.7026862768931565
acc = 0.7604661411154091
