auc = 0.9019601933206555
f1 = 0.9517648134601316
acc = 0.9132258595163678
