auc = 0.8373960481421769
f1 = 0.7058317986494783
acc = 0.7653625814033198
