auc = 0.9127610535446092
f1 = 0.6478923766816143
acc = 0.899446777994058
