auc = 0.8989782481256874
f1 = 0.951627372052904
acc = 0.9135137358118112
