auc = 0.9343150381708164
f1 = 0.9857861186997664
acc = 0.9722554967348043
