auc = 0.8757757339083176
f1 = 0.9487021154945683
acc = 0.9077562099029446
