auc = 0.9422562257282697
f1 = 0.9872296885145905
acc = 0.9749217512268635
