auc = 0.9419953032890042
f1 = 0.9875320576050504
acc = 0.9755786545075158
