auc = 0.9195292547973748
f1 = 0.9850888136398741
acc = 0.9709030488040497
