auc = 0.8805410812822927
f1 = 0.986077374252029
acc = 0.972757834537656
