auc = 0.9135201408777702
f1 = 0.9872092565626354
acc = 0.9748831098574133
