auc = 0.8287565267397294
f1 = 0.6934842079084805
acc = 0.7586054938060031
