auc = 0.8972370126589798
f1 = 0.9482840210018704
acc = 0.9056177002796513
