auc = 0.5
f1 = 0.9361711435821156
acc = 0.8800016449397541
