auc = 0.5
f1 = 0.932338090010977
acc = 0.8732521796348084
