auc = 0.9011486344461093
f1 = 0.9510246930485189
acc = 0.9117453528540879
