auc = 0.8135617410222786
f1 = 0.6855948869223205
acc = 0.7494981148704891
