auc = 0.836516669937239
f1 = 0.706155066186787
acc = 0.7641384713313422
