auc = 0.9053189850598575
f1 = 0.6315028901734104
acc = 0.8955025099887307
