auc = 0.830564103138435
f1 = 0.7021237529836587
acc = 0.7616902511873868
