auc = 0.9093287033678886
f1 = 0.6475956475956476
acc = 0.8971416863026329
