auc = 0.9113643140033582
f1 = 0.6495302251373869
acc = 0.8987296383567257
