auc = 0.8328709230853882
f1 = 0.6861695347355004
acc = 0.7588992802232777
