auc = 0.8315629067419401
f1 = 0.7091532767647589
acc = 0.7633550408852764
