auc = 0.9125782530715214
f1 = 0.6474716573690841
acc = 0.8996516750332958
