auc = 0.9365149414908336
f1 = 0.9872528513358854
acc = 0.9750376753352139
