auc = 0.8336557095186318
f1 = 0.7084301969900894
acc = 0.7666356558781766
