auc = 0.9440337431131041
f1 = 0.9870083715052915
acc = 0.9745739789018123
