auc = 0.9097277987044632
f1 = 0.6720027247956403
acc = 0.9013471290273012
