auc = 0.8278993137641107
f1 = 0.6931098696461825
acc = 0.7579199921656955
