auc = 0.9378384816744957
f1 = 0.9870329800461839
acc = 0.9746126202712624
