auc = 0.897433473137036
f1 = 0.9498847395112955
acc = 0.9105938476723145
