auc = 0.8985014681741972
f1 = 0.947948781420888
acc = 0.9048774469485112
