auc = 0.8543226924172305
f1 = 0.6043040610898993
acc = 0.8832086876344637
