auc = 0.8319696523340931
f1 = 0.704045680962216
acc = 0.7614454291729912
