auc = 0.943928822628856
f1 = 0.9876304904471144
acc = 0.9757332199853163
