auc = 0.9014420798082147
f1 = 0.9510575954582914
acc = 0.9120743543345945
