auc = 0.9091544067960964
f1 = 0.6351400509276101
acc = 0.8972441348222518
