auc = 0.9061144768277757
f1 = 0.6329614969413457
acc = 0.8955025099887307
