auc = 0.8996014986311486
f1 = 0.9507664150080074
acc = 0.9114986017437079
