auc = 0.8999321136372513
f1 = 0.9512920192087811
acc = 0.9124033558151011
