auc = 0.9250036999262371
f1 = 0.9868751964790947
acc = 0.974187565207311
