auc = 0.8966904775482514
f1 = 0.9509257347374217
acc = 0.9120332291495312
