auc = 0.9408091047956184
f1 = 0.9870170869342173
acc = 0.9745739789018123
