auc = 0.8998987106190486
f1 = 0.9515305538384048
acc = 0.9129379832209245
