auc = 0.8910485237562036
f1 = 0.985227901098033
acc = 0.9710962556513003
