auc = 0.8307385764099049
f1 = 0.7060619009828458
acc = 0.7642364001371004
