auc = 0.9012635814746678
f1 = 0.9511471970077088
acc = 0.9119098535943412
