auc = 0.9096850368750539
f1 = 0.6485719354266454
acc = 0.8985247413174879
