auc = 0.9282214845453385
f1 = 0.9864074600916706
acc = 0.9734147378183082
