auc = 0.8994626700466823
f1 = 0.9863514070815577
acc = 0.9731442482321574
