auc = 0.8726666631827288
f1 = 0.945356917245736
acc = 0.900394801776608
