auc = 0.9381547423737613
f1 = 0.9866213465604805
acc = 0.9738397928822597
