auc = 0.9413958991752429
f1 = 0.98587459781841
acc = 0.972178213995904
