auc = 0.9049026183998846
f1 = 0.6279280915198838
acc = 0.8950414916504457
