auc = 0.903655427264252
f1 = 0.6365914786967419
acc = 0.8960147525868252
