auc = 0.8671519799049564
f1 = 0.9852684935846666
acc = 0.9712508211291008
