auc = 0.9078832882973338
f1 = 0.6655399695791787
acc = 0.8986271898371069
