auc = 0.9096848078137394
f1 = 0.6169772256728778
acc = 0.8957586312877779
