auc = 0.9107196400225092
f1 = 0.6443289733022756
acc = 0.8983198442782502
