auc = 0.8937209330736287
f1 = 0.6491759165825765
acc = 0.8931461940374962
