auc = 0.9123250257884863
f1 = 0.6525829930765135
acc = 0.8997541235529146
