auc = 0.8843677664358283
f1 = 0.9481389692046445
acc = 0.9070570817568679
