auc = 0.9091164398832399
f1 = 0.6494827283885675
acc = 0.897602704640918
