auc = 0.8323110270555062
f1 = 0.709739286784537
acc = 0.7628653968564854
