auc = 0.8307307416440932
f1 = 0.7093336526372508
acc = 0.762277824021936
