auc = 0.8938467640889888
f1 = 0.6468176145480479
acc = 0.8985247413174879
