auc = 0.9006323622253856
f1 = 0.9506249283339067
acc = 0.9114574765586445
