auc = 0.9019882426645024
f1 = 0.6553075481342648
acc = 0.8963733224054913
