auc = 0.932089540570896
f1 = 0.9870799001002931
acc = 0.9746126202712624
