auc = 0.8328589396430872
f1 = 0.700408871267501
acc = 0.7632081476766391
