auc = 0.8313022413078655
f1 = 0.6976255255998021
acc = 0.7605640699211673
