auc = 0.831858027615967
f1 = 0.6959514423377761
acc = 0.7620819664104196
