auc = 0.8989116151647754
f1 = 0.6376560332871012
acc = 0.8929412969982584
