auc = 0.9138256350915825
f1 = 0.6479076479076479
acc = 0.9000102448519619
