auc = 0.8347522894412776
f1 = 0.6932997798049702
acc = 0.7612985359643539
