auc = 0.9080351750372033
f1 = 0.5710828796128252
acc = 0.8910459993853089
