auc = 0.9195496552589713
f1 = 0.986150680595125
acc = 0.9729510413849067
