auc = 0.9400634170569705
f1 = 0.98553224857871
acc = 0.9714826693458016
