auc = 0.8827673172034345
f1 = 0.9502074688796681
acc = 0.9101825958216812
