auc = 0.832140049115316
f1 = 0.9842363751584284
acc = 0.9692414699176939
