auc = 0.827507955281942
f1 = 0.6899661781285231
acc = 0.7576262057484209
