auc = 0.9363331043055789
f1 = 0.9869347920192042
acc = 0.9743421306851114
