auc = 0.8880909728908684
f1 = 0.9502614230506933
acc = 0.9100180950814278
