auc = 0.8386212565133491
f1 = 0.7128031857125618
acc = 0.7669294422954512
