auc = 0.9435161282515443
f1 = 0.9875595448998071
acc = 0.9755786545075158
