auc = 0.83065328994428
f1 = 0.6885142388078551
acc = 0.7584586005973657
