auc = 0.8312967486939217
f1 = 0.7179038281979458
acc = 0.7633060764823973
