auc = 0.8356486080752139
f1 = 0.6984739956399875
acc = 0.7629633256622436
