auc = 0.9111560495474895
f1 = 0.6646048109965635
acc = 0.9000102448519619
