auc = 0.9024518913974496
f1 = 0.6422651933701656
acc = 0.8938633336748284
