auc = 0.9066955290285585
f1 = 0.6055912353607859
acc = 0.8930437455178772
