auc = 0.9095229091855876
f1 = 0.6452976400140894
acc = 0.8968343407437762
