auc = 0.8361393302809073
f1 = 0.7028891763691246
acc = 0.7638446849140674
