auc = 0.9033609349837908
f1 = 0.9524135257769569
acc = 0.9141717387728244
