auc = 0.9111843290755925
f1 = 0.6580221300138311
acc = 0.8986784140969163
