auc = 0.9018316849111936
f1 = 0.9515863582335192
acc = 0.9128968580358612
