auc = 0.8177892374956601
f1 = 0.689060939060939
acc = 0.7561572736620477
