auc = 0.8823990665002446
f1 = 0.9475163579393604
acc = 0.9063168284257279
