auc = 0.9001839809515393
f1 = 0.9504041146216018
acc = 0.9111696002632012
