auc = 0.9010040128240697
f1 = 0.9510342302764049
acc = 0.9119921039644678
