auc = 0.9034622903993531
f1 = 0.654225352112676
acc = 0.8993955537342485
