auc = 0.8330643624307155
f1 = 0.6938775510204083
acc = 0.7598296038779807
