auc = 0.9392371983623088
f1 = 0.9871022536490944
acc = 0.974767185749063
