auc = 0.8351988516151839
f1 = 0.7117678476054834
acc = 0.7621798952161778
