auc = 0.9316385886350258
f1 = 0.986875086348116
acc = 0.9743034893156614
