auc = 0.9086771861802728
f1 = 0.6490829694323144
acc = 0.8970904620428235
