auc = 0.875783074735835
f1 = 0.6481761640611867
acc = 0.8927876242188301
