auc = 0.8336506113211148
f1 = 0.7018499041019612
acc = 0.764040542525584
