auc = 0.880536497866294
f1 = 0.6408689748811949
acc = 0.8916094662432128
