auc = 0.9382181926283333
f1 = 0.9858392499901935
acc = 0.9721009312570037
