auc = 0.9453572297522473
f1 = 0.9876460372592359
acc = 0.9758105027242165
