auc = 0.8889773829477867
f1 = 0.951255201426677
acc = 0.9123211054449745
