auc = 0.8268544023933773
f1 = 0.6875314861460957
acc = 0.7570386329138716
