auc = 0.9429401766369417
f1 = 0.98727434152116
acc = 0.975076316704664
