auc = 0.8370174327191313
f1 = 0.7048685911245153
acc = 0.7652156881946824
