auc = 0.9419397776231888
f1 = 0.9868862819449382
acc = 0.9743421306851114
