auc = 0.8347369656326951
f1 = 0.7031490725334318
acc = 0.7641384713313422
