auc = 0.8043141943092029
f1 = 0.9821613031386571
acc = 0.9653000502337803
