auc = 0.8343009845315721
f1 = 0.7052368469182467
acc = 0.7632571120795182
