auc = 0.91102042616094
f1 = 0.6591186204493991
acc = 0.8997541235529146
