auc = 0.8997822584682151
f1 = 0.9509561716533992
acc = 0.9118276032242145
