auc = 0.9119597493458391
f1 = 0.6569265974300299
acc = 0.9001639176313903
