auc = 0.895824856515242
f1 = 0.9496336996336997
acc = 0.9095245928606679
