auc = 0.8951364349792984
f1 = 0.939363068609647
acc = 0.8873992432965948
