auc = 0.932726988065141
f1 = 0.9867935329766864
acc = 0.9741489238378608
