auc = 0.9008757489014747
f1 = 0.9516503528340543
acc = 0.9126501069254812
