auc = 0.8801310764383912
f1 = 0.9456614772490689
acc = 0.9033969402862313
