auc = 0.9397118972921895
f1 = 0.9868081162621025
acc = 0.9741489238378608
