auc = 0.9378605152439102
f1 = 0.9860864065773352
acc = 0.9727964759071062
