auc = 0.912097882862625
f1 = 0.6496701729363524
acc = 0.8993443294744391
