auc = 0.8946764711401283
f1 = 0.94956729334527
acc = 0.9096479684158578
