auc = 0.8009704056207749
f1 = 0.6984885596511141
acc = 0.7528766586691475
