auc = 0.8356137387414806
f1 = 0.7063206106870229
acc = 0.764530186554375
