auc = 0.8297974452528089
f1 = 0.705115712545676
acc = 0.7629143612593644
