auc = 0.8937312112284141
f1 = 0.9849407749846233
acc = 0.9706712005873488
