auc = 0.8281466810344618
f1 = 0.6756669465796783
acc = 0.7541497331440044
