auc = 0.9008979666455126
f1 = 0.9511709360620836
acc = 0.9122799802599112
