auc = 0.8985336945993525
f1 = 0.9510582010582009
acc = 0.9117453528540879
