auc = 0.7697129865747465
f1 = 0.6744421303183575
acc = 0.7321157518484062
