auc = 0.9021518481037324
f1 = 0.9509875640087784
acc = 0.9118276032242145
