auc = 0.8223416892806867
f1 = 0.7011249619945272
acc = 0.7593399598491897
