auc = 0.8988517538614166
f1 = 0.9876533470080076
acc = 0.9758105027242165
