auc = 0.9113970506828699
f1 = 0.6568265682656825
acc = 0.8999590205921525
