auc = 0.9009893588924794
f1 = 0.9512239762068178
acc = 0.9123211054449745
