auc = 0.9017409497226816
f1 = 0.9520414924486486
acc = 0.9136782365520645
