auc = 0.9005397256301427
f1 = 0.9546569741026806
acc = 0.9179175062713328
