auc = 0.8366556165142645
f1 = 0.7041221753166129
acc = 0.7666356558781766
