auc = 0.8971464531954036
f1 = 0.9460801861464112
acc = 0.900888303997368
