auc = 0.9432286745032997
f1 = 0.9873303167420814
acc = 0.9751149580741142
