auc = 0.9058872670923643
f1 = 0.6310697007704712
acc = 0.8945292490523512
