auc = 0.8138032538923244
f1 = 0.5965024867639981
acc = 0.871170986579244
