auc = 0.8300090861858325
f1 = 0.6949671772428884
acc = 0.7611026783528375
