auc = 0.9280799931548688
f1 = 0.9868966333820105
acc = 0.9743421306851114
