auc = 0.902662596449305
f1 = 0.951083961050891
acc = 0.9124033558151011
