auc = 0.7707861060240049
f1 = 0.6808485700890765
acc = 0.7333398619203839
