auc = 0.8256227080631866
f1 = 0.7009922555663117
acc = 0.7580179209714537
