auc = 0.836400989060057
f1 = 0.7052222701769529
acc = 0.76590118983499
