auc = 0.8290068886533211
f1 = 0.7062454611474219
acc = 0.7623267884248152
