auc = 0.9424724652667417
f1 = 0.9869991516897157
acc = 0.9745353375323621
