auc = 0.9281190538812064
f1 = 0.9857671674881723
acc = 0.9722168553653542
