auc = 0.8291793606266256
f1 = 0.6947869078165091
acc = 0.7612006071585957
