auc = 0.8374134901130514
f1 = 0.6949571836346337
acc = 0.764530186554375
