auc = 0.8381911624425966
f1 = 0.707808410930558
acc = 0.7649219017774078
