auc = 0.911867628520577
f1 = 0.6529680365296803
acc = 0.8987808626165352
