auc = 0.9346660760349299
f1 = 0.9865419752843867
acc = 0.9735306619266587
