auc = 0.8930065664855862
f1 = 0.9867390705544407
acc = 0.9739557169906101
