auc = 0.9005554176242148
f1 = 0.9508706894579071
acc = 0.9117042276690245
