auc = 0.8365211838141237
f1 = 0.718075117370892
acc = 0.7647750085687705
