auc = 0.8324557973615002
f1 = 0.701186888875223
acc = 0.7620819664104196
