auc = 0.9079985920364543
f1 = 0.6358381502890174
acc = 0.8967318922241574
