auc = 0.8997755656402313
f1 = 0.9510971214816841
acc = 0.9118276032242145
