auc = 0.9056779718605811
f1 = 0.6394508670520231
acc = 0.8977563774203463
