auc = 0.8983153181015598
f1 = 0.9862404283380248
acc = 0.9729896827543568
