auc = 0.9436466430156958
f1 = 0.9874295622019938
acc = 0.9753468062908149
