auc = 0.9023549250076266
f1 = 0.9515066669726665
acc = 0.9131024839611779
