auc = 0.9031199702557278
f1 = 0.9526026334405878
acc = 0.9145829906234578
