auc = 0.8279710829457746
f1 = 0.6850898926370625
acc = 0.7572834549282671
