auc = 0.8323826063329645
f1 = 0.7000678719072005
acc = 0.7619840376046614
