auc = 0.9007986973372997
f1 = 0.9509108734809276
acc = 0.9114574765586445
