auc = 0.8321205872227582
f1 = 0.7023824219232194
acc = 0.7638936493169466
