auc = 0.8197430644792949
f1 = 0.6573901464713714
acc = 0.7480291827841159
