auc = 0.9026795497112683
f1 = 0.659087109179067
acc = 0.8955537342485401
