auc = 0.909485782164217
f1 = 0.6486296556570625
acc = 0.8975514803811085
