auc = 0.8954403818299402
f1 = 0.6521517264840959
acc = 0.8952463886896834
