auc = 0.8603901734986747
f1 = 0.6356846473029045
acc = 0.8875627497182665
