auc = 0.8376570641686311
f1 = 0.6973286290322581
acc = 0.7647750085687705
