auc = 0.9016703373219002
f1 = 0.9857405612799874
acc = 0.9721395726264539
