auc = 0.8972364472831
f1 = 0.949404898671936
acc = 0.9094423424905412
