auc = 0.8992277970157284
f1 = 0.9837726180308658
acc = 0.968430001159241
