auc = 0.8918042165060786
f1 = 0.9498418853726658
acc = 0.9106349728573778
