auc = 0.9290677288899664
f1 = 0.9861610849709382
acc = 0.9729510413849067
