auc = 0.9449160229187674
f1 = 0.9875982463762392
acc = 0.9757332199853163
