auc = 0.9098777251615455
f1 = 0.6626443716600586
acc = 0.8997541235529146
