auc = 0.8980478304327106
f1 = 0.9501854310700059
acc = 0.9105115973021879
