auc = 0.8999720184780728
f1 = 0.950783099617556
acc = 0.9110873498930745
