auc = 0.9427484069434819
f1 = 0.9866292179279244
acc = 0.9738784342517098
