auc = 0.8372753128915252
f1 = 0.7119584891999515
acc = 0.7662439406551437
