auc = 0.8321028969156149
f1 = 0.7076048157783291
acc = 0.7633550408852764
