auc = 0.8266625163670644
f1 = 0.7001396393661588
acc = 0.7581648141800911
