auc = 0.8309192288720615
f1 = 0.6933167547404414
acc = 0.7584586005973657
