auc = 0.9344865412639761
f1 = 0.9865100087032203
acc = 0.9736465860350091
