auc = 0.8181755854284068
f1 = 0.6970464135021097
acc = 0.7539049111296088
