auc = 0.8485746277944526
f1 = 0.6286181520850367
acc = 0.8836697059727487
