auc = 0.9019668021062788
f1 = 0.9513690978317868
acc = 0.9122799802599112
