auc = 0.8883094142663098
f1 = 0.9482588208251926
acc = 0.9074272084224378
