auc = 0.9387127565746244
f1 = 0.9862216415251218
acc = 0.9731056068627072
