auc = 0.9419146116994345
f1 = 0.9859713147723037
acc = 0.9723714208431546
