auc = 0.9101488478597656
f1 = 0.6454398273070696
acc = 0.8990369839155824
