auc = 0.897985165392615
f1 = 0.9506521937425887
acc = 0.9110050995229478
