auc = 0.9092650243224939
f1 = 0.5076120052196607
acc = 0.8840282757914149
