auc = 0.9002731651764886
f1 = 0.950921364714468
acc = 0.9114986017437079
