auc = 0.9188859441783401
f1 = 0.9859872108628721
acc = 0.9725646276904053
