auc = 0.8360092215534456
f1 = 0.7097669926355186
acc = 0.764579150957254
