auc = 0.9398073671688998
f1 = 0.9870201710887646
acc = 0.9746126202712624
