auc = 0.8928853603525548
f1 = 0.9489990576662299
acc = 0.9087432143444646
