auc = 0.9106068273251822
f1 = 0.6557032890132959
acc = 0.8991906566950107
