auc = 0.9126080596750535
f1 = 0.6605504587155963
acc = 0.9014445241266263
