auc = 0.9437693135078685
f1 = 0.9876528599605523
acc = 0.9758105027242165
