auc = 0.9000901973174046
f1 = 0.9516103298156042
acc = 0.9126912321105445
