auc = 0.9389180730312966
f1 = 0.9866292733987716
acc = 0.9738397928822597
