auc = 0.9090108903384228
f1 = 0.581169474727453
acc = 0.8917631390226411
