auc = 0.9355205662354262
f1 = 0.9865204747308025
acc = 0.9734920205572085
