auc = 0.8378984713685325
f1 = 0.6995166656204883
acc = 0.7656074034177153
