auc = 0.8805116813685787
f1 = 0.9501908702311015
acc = 0.9103882217469978
