auc = 0.895114112620286
f1 = 0.6624378535916339
acc = 0.8991394324352013
