auc = 0.9049341811401604
f1 = 0.6477976295772155
acc = 0.8980124987193935
