auc = 0.840050066539512
f1 = 0.7115653708097586
acc = 0.7678597659501543
