auc = 0.8287101170735081
f1 = 0.7009788832112295
acc = 0.7621798952161778
