auc = 0.9059311156193216
f1 = 0.986501175959049
acc = 0.973607944665559
