auc = 0.8990349232375415
f1 = 0.9504722310090832
acc = 0.9098535943411745
