auc = 0.8748416947536235
f1 = 0.9486527707168277
acc = 0.9086198387892745
