auc = 0.8791040820253295
f1 = 0.650209907640638
acc = 0.8932998668169245
