auc = 0.9409495252957156
f1 = 0.985435656179555
acc = 0.971289462498551
