auc = 0.94252319869814
f1 = 0.9855902131080049
acc = 0.971598593454152
