auc = 0.8393477715715352
f1 = 0.7058896236326555
acc = 0.7669784066983303
