auc = 0.9074114887992835
f1 = 0.6537328945089208
acc = 0.897602704640918
