auc = 0.9013060839884512
f1 = 0.9505317324185248
acc = 0.9110462247080112
