auc = 0.9350675796078485
f1 = 0.9867082732605218
acc = 0.9739943583600603
