auc = 0.9412292686332784
f1 = 0.987320772603389
acc = 0.9751922408130144
