auc = 0.9046926309034973
f1 = 0.9850203549266827
acc = 0.970709841956799
