auc = 0.8274243682154897
f1 = 0.697720149941621
acc = 0.7591441022376733
