auc = 0.9136022781693428
f1 = 0.9855622799731023
acc = 0.9717918003014027
