auc = 0.9105298436351114
f1 = 0.670055922724962
acc = 0.9002663661510091
