auc = 0.8986925881422525
f1 = 0.9506955530216648
acc = 0.9110873498930745
