auc = 0.9059846945047427
f1 = 0.623640051631938
acc = 0.8954512857289212
