auc = 0.89991757430888
f1 = 0.951785427975904
acc = 0.9134314854416845
