auc = 0.9440106921978355
f1 = 0.986896646563071
acc = 0.9742262065767611
