auc = 0.946129314938578
f1 = 0.9873922222441449
acc = 0.9753081649213649
