auc = 0.8915594393109334
f1 = 0.9498292498452935
acc = 0.9099769698963646
