auc = 0.8295496884353695
f1 = 0.6952492741088527
acc = 0.7584586005973657
