auc = 0.905330212259039
f1 = 0.9873751797215057
acc = 0.9752308821824646
