auc = 0.875512375711281
f1 = 0.9490673668960522
acc = 0.9074683336075012
