auc = 0.8637204959482871
f1 = 0.6162749912311469
acc = 0.8879213195369327
