auc = 0.8850456062745599
f1 = 0.9492015418502202
acc = 0.9089488402697812
