auc = 0.8902436425522144
f1 = 0.9868636139832594
acc = 0.9742262065767611
