auc = 0.9429331890772611
f1 = 0.9875064044456706
acc = 0.9755013717686155
