auc = 0.9393202191384388
f1 = 0.985435656179555
acc = 0.971289462498551
