auc = 0.9001402101621333
f1 = 0.9507725967455217
acc = 0.9111696002632012
