auc = 0.9071331029485536
f1 = 0.6545329670329672
acc = 0.8969367892633952
