auc = 0.9010521308955792
f1 = 0.9500023061666898
acc = 0.9108405987826945
