auc = 0.9428067704687845
f1 = 0.9871364873929684
acc = 0.974805827118513
