auc = 0.9100719214350234
f1 = 0.6436493738819321
acc = 0.8979612744595841
