auc = 0.900989122045827
f1 = 0.9509756822913092
acc = 0.9118687284092778
