auc = 0.8239518480844266
f1 = 0.6845603913207073
acc = 0.7537090535180924
