auc = 0.943649641508739
f1 = 0.985435656179555
acc = 0.971289462498551
