auc = 0.871739782909109
f1 = 0.9454779885798489
acc = 0.902615561770028
