auc = 0.9042861380491459
f1 = 0.6568875400438375
acc = 0.8957586312877779
