auc = 0.8956802949240776
f1 = 0.6580950769751311
acc = 0.8964757709251101
