auc = 0.8353059381097325
f1 = 0.7109202600345917
acc = 0.7626695392449689
