auc = 0.9431728811148911
f1 = 0.985435656179555
acc = 0.971289462498551
