auc = 0.8925429794159783
f1 = 0.9514585389364485
acc = 0.9130202335910511
