auc = 0.9115021707377226
f1 = 0.6549419627154414
acc = 0.8994980022538674
