auc = 0.8987041477869324
f1 = 0.9511559901306772
acc = 0.9120743543345945
