auc = 0.941373571110976
f1 = 0.9870724534707008
acc = 0.9746899030101627
