auc = 0.8785294047716623
f1 = 0.948160726989008
acc = 0.9070982069419312
