auc = 0.9088413945100111
f1 = 0.6468916518650089
acc = 0.8981661714988218
