auc = 0.8392593817787832
f1 = 0.6175532807518039
acc = 0.8832599118942731
