auc = 0.94185788128195
f1 = 0.987006832273607
acc = 0.9745739789018123
