auc = 0.9009085407025098
f1 = 0.9507813037791698
acc = 0.9117864780391511
