auc = 0.8361682054588206
f1 = 0.7024747255473547
acc = 0.7651177593889242
