auc = 0.9100142867484599
f1 = 0.9860288057768534
acc = 0.9724873449515051
