auc = 0.9183231377430601
f1 = 0.9867645028305423
acc = 0.9740716410989605
