auc = 0.9370499315486874
f1 = 0.9873382716049383
acc = 0.9752308821824646
