auc = 0.8302813503844586
f1 = 0.7006338071503293
acc = 0.761788179993145
