auc = 0.8390594296842631
f1 = 0.9460004584001833
acc = 0.9031090639907879
