auc = 0.9006590571351749
f1 = 0.9512161730479625
acc = 0.9120743543345945
