auc = 0.8251083354799
f1 = 0.6845358224016145
acc = 0.7550800567987074
