auc = 0.8985641943360095
f1 = 0.9503835145964511
acc = 0.9108817239677579
