auc = 0.8603282219573596
f1 = 0.6287162162162162
acc = 0.8874090769388382
