auc = 0.8297121685258613
f1 = 0.6971309720438001
acc = 0.7575772413455418
