auc = 0.9086036765868033
f1 = 0.6655732327374119
acc = 0.8955537342485401
