auc = 0.9059618262289161
f1 = 0.6501483161751875
acc = 0.8973006197817959
