auc = 0.8989468142534167
f1 = 0.637671114191648
acc = 0.8928900727384489
