auc = 0.935641603619781
f1 = 0.9874666929833219
acc = 0.9754627303991653
