auc = 0.8341084460138863
f1 = 0.7024671658279121
acc = 0.7626205748420898
