auc = 0.8331020608501767
f1 = 0.7065970112987485
acc = 0.7635019340939138
