auc = 0.9108636527796972
f1 = 0.6517492452495115
acc = 0.8995492265136769
