auc = 0.9003326289666695
f1 = 0.9514806378132119
acc = 0.9124033558151011
