auc = 0.9016574685823319
f1 = 0.6523859282479971
acc = 0.8977563774203463
