auc = 0.8389208523095516
f1 = 0.7112676056338029
acc = 0.7671252999069677
