auc = 0.8304483589598508
f1 = 0.6999020088192063
acc = 0.7600744258923763
