auc = 0.8718337904379118
f1 = 0.6512407780013414
acc = 0.8934535395963529
