auc = 0.9007339770794784
f1 = 0.9505566916609862
acc = 0.9105115973021879
