auc = 0.839357320344535
f1 = 0.7178971049671422
acc = 0.7666846202810557
