auc = 0.9013766012340296
f1 = 0.6459520110478164
acc = 0.8949390431308267
