auc = 0.8301125839778309
f1 = 0.691704809078939
acc = 0.7592420310434315
