auc = 0.8360769345760535
f1 = 0.7091700943624486
acc = 0.764579150957254
