auc = 0.9033869804753399
f1 = 0.9524374928644823
acc = 0.9143362395130779
