auc = 0.8982792907338193
f1 = 0.950782126743467
acc = 0.9116219772988978
