auc = 0.9059825184222561
f1 = 0.6507027589796982
acc = 0.8968855650035857
