auc = 0.9362686367051531
f1 = 0.9870119616280448
acc = 0.9745739789018123
