auc = 0.9005286233916355
f1 = 0.9507463367873282
acc = 0.9112518506333278
