auc = 0.911773255259057
f1 = 0.6508161816891412
acc = 0.8991906566950107
