auc = 0.9117980089238844
f1 = 0.6652956298200515
acc = 0.8999641448547867
