auc = 0.8265171471324222
f1 = 0.7029618839524155
acc = 0.7603682123096509
