auc = 0.9125087743253532
f1 = 0.6509137899206202
acc = 0.903139886287968
