auc = 0.8999548432756669
f1 = 0.9518097113161328
acc = 0.9134314854416845
