auc = 0.9419959725954871
f1 = 0.986987856649225
acc = 0.9745353375323621
