auc = 0.9083224942791938
f1 = 0.6775233795549823
acc = 0.8975514803811085
