auc = 0.9100029071698483
f1 = 0.5917322834645669
acc = 0.8937608851552095
