auc = 0.942500549366761
f1 = 0.985435656179555
acc = 0.971289462498551
