auc = 0.8784232592703154
f1 = 0.9473442803412532
acc = 0.9055765750945879
