auc = 0.8751910753130695
f1 = 0.6171043293115684
acc = 0.889458047331216
