auc = 0.9326131524185417
f1 = 0.985432665663843
acc = 0.9715599520847019
