auc = 0.8320592919884284
f1 = 0.6981926219361227
acc = 0.7612495715614748
