auc = 0.9010568831090564
f1 = 0.9507835623981827
acc = 0.9117864780391511
