auc = 0.823868153892525
f1 = 0.6957276616853724
acc = 0.7597316750722225
