auc = 0.9098403473797024
f1 = 0.9859506588724859
acc = 0.9726032690598555
