auc = 0.9093462838237663
f1 = 0.6425501432664756
acc = 0.8977563774203463
