auc = 0.8300513763915962
f1 = 0.6962862262868442
acc = 0.7593399598491897
