auc = 0.9437194635610274
f1 = 0.9869775174160861
acc = 0.9745739789018123
