auc = 0.8989464133961165
f1 = 0.637671114191648
acc = 0.8928900727384489
