auc = 0.8291586854149188
f1 = 0.6948513505161011
acc = 0.7582627429858493
