auc = 0.8302611718452895
f1 = 0.7028139183055975
acc = 0.7595358174607061
