auc = 0.8994671607379516
f1 = 0.9502264492753622
acc = 0.9096068432307945
