auc = 0.9003677739537994
f1 = 0.9502151198524892
acc = 0.9100592202664912
