auc = 0.9088640166270724
f1 = 0.9851492019430951
acc = 0.9710576142818501
