auc = 0.8986713407054681
f1 = 0.9498879101469623
acc = 0.9089899654548446
