auc = 0.8989415063337073
f1 = 0.9512311792442084
acc = 0.9119509787794045
