auc = 0.8328071737044029
f1 = 0.7018553670932582
acc = 0.7615923223816286
