auc = 0.8304888962037176
f1 = 0.6976918746481516
acc = 0.7633550408852764
