auc = 0.7651674151651655
f1 = 0.670961584347411
acc = 0.7299123537188464
