auc = 0.8312627022784123
f1 = 0.7006180469715698
acc = 0.7628164324536062
