auc = 0.8247662547043897
f1 = 0.6927546983184966
acc = 0.7566469176908388
