auc = 0.9099794665620112
f1 = 0.6512544802867384
acc = 0.9003175904108186
