auc = 0.90189696290468
f1 = 0.9514140349268919
acc = 0.9128146076657345
