auc = 0.9342148296042077
f1 = 0.9873996805552818
acc = 0.9753081649213649
