auc = 0.827201147995269
f1 = 0.6982843137254902
acc = 0.7588992802232777
